70
495
1631
2317
2526
2846
2931
3171
3297
3332
3404
3591
3595
3770
3950
4626
4662
4871
4889
5114
5324
5325
5614
5991
6103
6874
6968
7106
7801
7867
8903
9907
10008
10204
10272
10288
10508
10588
11009
11105
11226
11320
11650
11853
11919
12684
12716
12802
12803
12804
12805
12831
12916
13172
13187
13363
13923
13924
14662
14676
14851
15026
15165
15191
15282
15300
15336
15833
15894
16163
16424
38
493
942
1519
1843
1844
1896
2819
3391
5031
5572
6457
7399
8669
8990
10413
11913
12588
12896
13468
13616
13846
13856
13999
14037
14476
15047
15382
15422
15458
15515
15526
15634
15800
16022
16098
16438
16495
16745
20
517
791
800
1329
1767
1984
2126
3009
4458
4671
4792
5129
5266
6331
6385
6449
7748
7872
8800
9090
12
761
2678
4034
4035
5439
5494
5758
7798
9046
11877
11904
13250
31
648
649
661
670
689
690
691
809
899
953
954
1709
1964
1965
2025
3033
3657
4075
5451
5531
5548
5772
6037
6344
7167
7168
7302
7342
8024
8034
9481
10
1545
5384
8898
9422
11321
11546
12899
13587
34
861
2215
2461
3082
3445
3446
3515
4363
4397
4506
4832
4862
4887
4903
5118
5138
5267
5433
5768
6364
6783
6956
6978
6979
7280
7568
8587
8811
9055
9604
9849
10964
11828
11906
33
135
240
773
1124
1126
1128
1238
1389
1423
2449
2451
2452
2770
2914
2992
3468
3569
3660
3672
4702
4775
4780
5040
5216
6355
7650
7706
8968
9134
10410
10712
11027
11028
62
211
277
450
970
1041
1116
1755
1806
1919
2094
2434
2445
2742
2768
2829
3007
3052
3076
3120
3866
4010
4012
4254
4381
4550
4551
4605
4609
4610
4638
4728
4777
4953
5001
5005
6401
6431
6657
6797
7318
8071
9024
9630
9648
9780
10276
11129
11135
11175
11209
11664
12000
12209
12313
12352
12463
12969
14287
82
2
14
122
352
407
617
927
1480
1538
2198
2289
2830
2975
3160
3307
3358
3627
3705
3814
4202
4211
4223
4408
4411
4943
4979
5130
6164
6191
6442
6782
6820
6890
7369
7870
8062
8119
8138
8153
8594
8711
8934
9015
9835
9887
10230
10265
10628
10683
10987
11246
11277
11491
11504
11567
11602
11731
12259
12305
12391
12441
12990
13002
13727
13916
14187
14254
14332
14789
15244
15878
15955
15957
15978
16039
16045
16223
16300
16721
16814
16878
966
1403
1837
1929
2589
2878
2902
3075
3877
4579
6512
7000
7054
7229
823
4179
6359
11640
12826
15113
15708
16319
19
220
885
1180
1181
2462
2635
2637
2794
3012
4283
5603
5849
8020
9222
10918
12201
13086
14022
15928
15
441
2719
2720
2721
2821
3481
3821
3970
4139
4667
5701
6416
6572
7313
2464
3064
3614
4235
4629
4797
5836
5994
6863
9700
23
6484
10505
10605
11158
11211
11328
11584
12462
12506
12842
13095
13443
13444
13491
13874
13942
14018
14164
14168
14176
14177
14348
14523
75
108
328
752
944
994
1005
1007
1113
1114
1168
1194
1197
1210
1250
1534
1544
1565
1602
1625
1626
1664
1665
1671
1677
1689
1691
2219
2368
2416
2596
2710
3213
3316
3321
3364
3365
3367
4388
4957
5044
5107
5108
5659
5875
5876
5877
5878
5879
5880
5881
5882
5883
5884
5885
5886
5887
5888
5889
5890
5891
5892
5893
5894
5895
5896
5897
5898
5899
5900
5901
5902
5903
5904
267
280
285
286
398
399
430
710
711
814
909
910
1115
1156
1355
1358
1364
1368
1369
1371
1372
1707
2077
2334
2338
2342
2345
2346
2785
2787
2790
2883
2921
2983
3067
3226
3502
3638
3658
3659
3687
3688
4461
4462
4585
5395
5602
5733
5781
5782
6919
6938
6971
6972
6973
7096
7187
7349
7401
7437
7506
8016
8112
8178
8698
9374
9759
10465
11697
180
461
466
501
685
687
767
1303
1304
1580
1599
1673
1737
1937
2193
2364
3088
3441
3691
3726
3802
3903
3962
3963
4048
4155
4177
4310
4329
4359
4648
4689
4850
4872
4910
4915
5164
5165
5166
5344
5376
5380
5638
5716
5717
5818
6273
7076
7260
7312
7371
7561
7617
7647
7758
7824
8272
8362
8683
8755
9130
9147
9321
9420
9497
9625
9692
9693
9695
9903
9905
9914
10041
10215
10252
10315
10530
10560
10568
10632
10648
10650
10662
10705
10706
10714
10716
10722
10730
10757
10768
10794
10860
10943
10950
11191
11273
11323
11582
11819
11838
11956
12084
12153
12227
12288
12429
12509
12615
12643
12790
12919
12945
13034
13058
13078
13092
13110
13130
13286
13301
13316
13320
13321
13348
13357
13410
13542
13546
13547
13610
13647
13745
13886
13900
14008
14173
14201
14449
14498
14502
14510
14526
14556
14573
14580
14635
14640
14656
14703
14705
14716
14729
14745
14770
14782
14946
15030
15066
15141
15218
15225
15267
15354
15357
15412
15819
15865
16064
16066
16134
16383
16475
16493
16499
16520
16606
16610
16633
16743
28
73
380
2533
7004
9999
10546
10919
10944
10966
11885
12146
12148
13883
13972
14035
14262
14603
14790
14900
14939
15158
15200
15328
15348
15584
15600
15640
15676
15862
16325
16464
18
826
1141
1713
1720
1721
1832
1967
2159
2211
4881
4958
5550
5819
7507
7554
7555
13081
36
100
477
740
1084
1839
1941
1950
2597
2691
2822
3324
3327
3329
3467
3844
5590
5834
5941
6798
6799
6800
6802
6803
6804
6805
6806
6807
6808
6809
6810
6811
8346
10176
10934
10935
16
1104
1192
1700
1915
1917
1974
2523
2609
3533
3666
6674
6927
7018
7519
9162
12520
107
586
1525
1550
1557
1563
1584
1640
1704
2024
2048
3170
3529
3853
4094
4586
4757
4759
4761
5233
6138
6289
6423
6969
9078
9882
10494
10780
10781
10828
10872
11182
11890
618
3100
3734
6177
8836
12878
13319
13898
14105
14134
14379
16202
2744
4988
5774
7545
8420
8504
8511
9164
9893
9966
10304
10388
10495
11091
12255
3646
8949
8982
9163
10182
10991
11918
12043
12530
13191
14276
14365
14382
14684
15413
15614
15858
15908
16101
16192
16392
16609
63
29
241
561
922
1107
1122
1187
1203
1213
2221
2236
2240
2351
2494
2500
2835
3050
3181
3187
3188
3710
3735
3777
4059
4112
4171
4641
4820
5848
6338
6639
6948
6962
7200
7289
7382
7625
7915
8157
8452
9009
9404
9499
9867
9964
10270
11208
11772
12331
12513
13124
13182
13490
13873
14345
14611
14823
15194
15266
15931
917
939
1922
2258
2475
2653
2715
2954
4873
5265
6317
6739
6917
7103
7672
7898
8164
8593
9056
9155
9193
10089
10651
10699
10857
10861
11100
11199
13577
13859
13887
13890
14687
32
659
660
859
1745
1820
2682
2901
3223
3293
3310
3315
3830
3850
3973
4590
4755
5168
5372
5799
6326
6350
6351
6548
7622
9293
9376
11836
11
2712
6325
12505
13258
13279
13534
14574
14629
15759
16166
442
822
1247
2389
2419
2441
3091
8116
8462
8733
9025
10098
11159
13742
914
1147
1236
1379
1382
1442
1446
1448
1449
1757
1759
1980
2044
2686
4454
4764
5820
6319
6430
6448
6664
7208
7515
7631
9261
9342
9744
10127
10790
11966
12585
41
701
888
1136
1375
1460
1787
1933
1947
1948
1951
3051
3158
3498
4133
4251
4256
4257
4260
4262
4654
4789
4791
5322
5389
6020
7142
7914
8017
8519
8870
10218
10404
10616
10797
10812
11243
11741
11948
12132
12235
85
151
249
291
521
549
933
1034
1097
1100
1345
1676
1847
1865
2008
2009
2235
2302
2312
2323
2397
2400
2404
2405
2723
2740
3220
3767
3808
3839
3972
4181
4197
4343
4634
5588
5910
6169
6354
6617
6880
7043
7177
7194
7308
7517
7540
7552
7731
7734
7746
7747
7800
8406
8569
8701
9105
9325
9720
9725
9740
9753
10354
10363
10481
10529
10555
10556
10765
10766
11363
11527
12187
13094
13463
13593
13643
15031
17
216
226
511
1200
1226
1706
1796
2038
2206
2216
3419
3422
3428
3433
3484
3556
3912
3981
4854
5273
6766
7154
8050
9290
9400
10416
10583
11164
11205
22
229
245
538
619
650
1031
1648
1883
1884
1885
1886
2384
3022
3141
3442
3444
3528
3758
5591
5935
12410
16294
111
131
628
1079
2659
3464
4046
4309
6360
8166
8302
8797
10125
10608
12085
12115
12154
12290
12516
13001
13109
13239
13289
13353
13563
13830
13831
13840
13863
13938
13963
14062
14222
14227
14240
14259
14409
14443
14647
14818
15110
15153
15237
15286
15471
15521
15531
15532
15537
15573
15585
15590
15605
15609
15655
15659
15710
15754
15768
15817
15867
15907
15930
15977
15997
16164
16228
16303
16309
16362
16420
16433
16434
16436
16466
16522
16562
16581
16619
16638
16643
16710
16714
16723
16732
16768
16775
16803
16807
16817
16819
30
1727
1856
2194
2944
3331
3413
3897
4303
4651
5429
5469
5944
7465
7468
7612
7954
8154
8566
8590
9240
9696
10814
10815
355
1
50
60
94
128
129
130
205
208
247
342
420
585
684
772
777
781
984
1018
1078
1081
1212
1219
1270
1290
1291
1292
1293
1296
1300
1305
1307
1308
1309
1310
1311
1312
1313
1321
1335
1336
1502
1543
1555
1559
1562
1586
1605
1611
1613
1615
1616
1619
1629
1632
1636
1668
1685
1802
1803
1810
1901
2062
2222
2223
2225
2295
2370
2421
2457
2582
2628
2709
2782
2815
2825
3216
3362
3380
3450
3604
3647
3840
3852
3865
3899
4071
4124
4163
4165
4308
4519
4547
4799
4840
4914
4959
4965
5169
5209
5255
5278
5302
5360
5461
5465
5467
5470
5471
5472
5473
5474
5475
5480
5481
5487
5489
5491
5496
5497
5499
5501
5503
5504
5506
5509
5599
5714
5724
5787
5930
5952
5957
5978
6071
6099
6204
6227
6237
6259
6264
6304
6529
6592
6713
6715
6781
6789
6976
7052
7058
7114
7189
7230
7286
7304
7335
7384
7423
7643
7754
7778
7905
7955
7985
8134
8180
8264
8277
8366
8381
8396
8584
8708
8776
8806
8879
8998
9112
9113
9137
9138
9410
9418
9430
9469
9652
9676
9721
9841
9951
10119
10134
10187
10269
10293
10338
10361
10383
10517
10575
10610
10753
10894
10977
11002
11197
11265
11290
11506
11598
11624
11703
11827
11898
11922
11978
12024
12025
12039
12113
12124
12134
12149
12188
12220
12221
12240
12287
12385
12418
12500
12560
12725
12782
12880
12976
12997
13036
13052
13142
13292
13299
13379
13382
13392
13429
13540
13561
13759
13853
13945
13949
13958
13968
14120
14189
14202
14327
14425
14441
14501
14551
14595
14649
14658
14659
14732
14791
14800
14921
15041
15096
15101
15127
15150
15154
15211
15263
15441
15501
15577
15647
15648
15700
15740
15786
15839
15871
15899
15958
16001
16037
16167
16169
16193
16215
16245
16253
16255
16274
16330
16391
16452
16453
16487
16501
16509
16515
16530
16564
16588
16601
16623
16656
16664
16700
16846
16901
1009
1891
2390
3456
3475
4027
5793
8976
9392
9586
9998
10506
188
68
142
189
239
244
287
289
396
433
663
709
906
1033
1162
1342
1346
1347
1359
2379
2498
2769
2803
2872
3003
3008
3205
3598
3637
3892
3914
3951
4327
4492
4496
4646
4681
4708
4742
4993
5211
5245
5249
5281
5357
5424
5847
5851
6001
6091
6208
6253
6323
6428
6479
6619
6769
6770
6772
6773
6774
6816
6915
6999
7130
7233
7485
7574
7708
8093
8212
8232
8257
8266
8296
8297
8310
8318
8344
8598
8697
8793
8871
8941
9017
9020
9220
9345
9361
9369
9373
9453
9496
9612
9699
10032
10185
10216
10266
10367
10433
10440
10443
10543
10574
10599
10626
10633
10638
10736
10745
10747
10748
10784
10889
10986
11004
11041
11107
11188
11189
11203
11376
11953
11954
12202
12203
12205
12206
12207
12208
12281
12311
12312
12563
12572
12680
12885
12992
13093
13231
13426
13470
13555
13861
13953
14125
14149
14336
14561
14632
14664
14673
14742
14845
14959
14968
15020
15104
15122
15372
15689
15712
15732
15809
15811
16291
16614
37
449
807
876
1841
2446
2874
2978
3027
3045
3260
3611
4212
4593
4603
4643
4865
4912
5039
5456
6021
6437
8839
9307
9454
10342
11537
11692
1021
2491
2585
2657
4560
4966
5326
5913
6012
6035
6303
6724
9559
10282
10582
11082
11249
11356
11571
11682
11776
11837
11988
12090
12222
12224
12306
12555
13062
13145
35
260
440
465
738
879
1742
2264
2511
2664
2706
2802
2875
3273
3308
3312
3862
4143
4338
5063
5064
6115
6660
6819
7087
7696
7701
7957
7989
8404
9357
10329
83
1199
1240
1537
1694
1877
2146
2196
2718
2728
3072
3281
3381
3601
3690
3804
4159
4528
4869
5055
5349
5513
6104
6151
6989
6993
7049
7793
8336
8386
8400
8544
8582
8666
8761
9229
9243
9337
9442
9580
9774
9928
10280
10738
10901
10939
11032
11050
11260
11317
11568
11957
11995
12080
12137
12507
12526
12527
12665
12893
13012
13549
14307
14597
14630
14641
15545
15812
705
3536
6834
7641
8753
9133
579
614
727
4675
6581
6837
7999
9353
9886
10907
10947
11666
11737
11915
12040
12296
12347
12760
13016
13180
13222
13287
13442
13955
14089
14097
14180
14278
14279
14699
14700
14751
15583
16208
16408
16468
27
671
760
828
845
853
929
1188
1196
1209
2226
2227
2229
2388
2838
4922
4956
4984
5147
5148
5431
6096
6101
6637
6920
7147
7159
8415
1944
6730
11538
12383
14090
14366
14829
6623
9824
10474
10579
10585
10844
11003
11921
148
937
1152
1903
1910
2057
2391
2539
2753
4117
4695
5726
9859
11610
13216
14767
15703
15860
474
2030
2448
3988
5646
5647
5684
7111
7565
9912
10039
11757
13008
13493
14734
15037
78
91
97
121
276
597
692
758
786
934
1035
1103
1132
1146
1441
1675
1690
1900
2029
2353
4302
4457
4516
4542
4721
4766
5120
5197
5563
5750
6027
6247
6366
6578
6653
8363
9186
9475
9889
10250
10437
10612
11269
11291
11706
11773
11808
11998
12158
12324
12749
13152
13154
13240
13247
13332
13351
13407
13912
14607
615
882
1117
1462
2350
2358
3096
6347
7262
7372
7894
8161
8705
8769
8928
9358
9772
9902
10492
10735
10962
10971
11216
11247
11618
11685
11707
11769
11783
11887
11923
11947
11951
11992
12055
12181
12337
12417
12448
178
357
1740
2067
2068
2069
2070
2072
2074
2381
2570
2571
2572
3719
4174
4294
4389
4390
4391
5061
5062
5297
5665
5666
5668
5669
5670
5729
6201
6411
6481
6486
6711
6785
6786
6904
6905
6906
6908
6909
6912
6950
7198
7403
7411
7412
7566
8068
8069
8123
8127
8199
8201
8423
8450
8538
8548
8550
8555
8614
8615
9042
9080
9378
9947
9988
10255
10618
10913
11076
11294
11340
11378
11379
11380
11381
11382
11383
11384
11385
11386
11387
11388
11389
11390
11391
11392
11393
11394
11395
11396
11397
11398
11399
11400
11401
11402
11403
11404
11405
11406
11407
11408
11409
11410
11411
11412
11413
11414
11415
11416
11417
11418
11419
11420
11421
11422
11423
11424
11425
11426
11427
11428
11429
11430
11431
11432
11433
11434
11435
11436
11437
11438
11439
11440
11441
11442
11443
11444
11445
11446
11447
11448
11449
11450
11451
11452
11453
11454
11455
11456
11457
11458
11459
11460
11461
11462
11463
11464
11465
11466
11467
11468
11469
11470
11471
11472
11473
11474
11475
11476
11477
11478
11479
11480
11481
11482
11483
11484
884
921
976
1047
1090
1230
3311
3354
3711
3737
4100
4167
4187
4344
4345
4346
4630
25
490
4101
4334
4548
4834
4932
6110
6612
8012
8094
8294
9236
9935
9939
10012
14521
13
79
746
2778
5411
6188
9578
12390
15861
4086
5262
7636
7996
8152
8925
11888
11926
14576
58
1687
2145
5283
6102
7604
10606
10731
10859
10984
11138
11245
11515
11593
11631
11797
11824
11969
12049
12067
12082
12789
12930
13568
14231
14261
14486
15309
15484
16058
16093
16154
16156
16225
16252
16524
16634
16784
16833
16853
446
2947
3018
3222
3342
4307
7918
8884
10485
12199
12308
12357
998
2788
4685
7922
10305
12481
13364
977
1811
3775
4477
6221
6266
6669
6670
6671
830
856
864
2752
5261
5963
7513
8410
8858
9954
10686
11268
11270
224
270
271
294
475
533
562
563
565
568
571
584
595
596
601
603
604
605
606
607
608
610
611
612
616
620
622
623
624
625
626
627
632
633
634
638
639
643
644
645
646
651
652
667
668
682
725
726
732
733
734
735
741
747
769
787
788
789
790
794
811
812
905
1053
1102
1177
1244
1267
1331
1384
1407
1408
1409
1487
1493
1516
1732
2007
2110
2111
2199
2250
2251
2252
2253
2465
2515
2684
2837
2847
2943
2958
3005
3015
3024
3059
3084
3126
3128
3139
3357
3459
3651
3695
3753
3754
3755
3818
4222
4231
4245
4322
4602
4604
4666
4690
4694
4801
4898
4934
4935
5016
5106
5200
5204
5205
5207
5574
5594
5718
5749
5858
6175
6200
6215
6301
6374
6405
6508
6511
6586
6659
6679
6680
6681
6694
6856
6935
6952
6958
7051
7274
7291
7578
7635
7681
7768
7784
7790
7933
8098
8102
8121
8169
8200
8437
8442
8574
8575
8630
8651
8850
8945
8962
9035
9125
9165
9264
9416
9503
9616
9624
9900
10002
10100
10120
10345
10370
10422
10526
10594
10862
10922
11305
11310
11375
11485
11514
11714
11742
821
2066
9888
12074
12128
12715
39
386
1730
2049
2382
2478
2623
2731
2732
2743
2749
2806
2895
3231
3232
3654
3699
4078
4080
4592
4837
4929
5538
5907
6630
6827
7057
7074
7591
8181
8822
11502
12241
12536
13233
13937
14132
14456
1167
3516
4686
7042
8878
8938
9655
9726
10031
52
140
197
335
348
637
676
724
755
893
2207
2467
2534
2953
3095
3810
4020
4036
4102
4511
4807
5453
6599
6747
6794
7174
7295
7605
7658
8426
8670
9103
9785
10214
10464
10995
12244
12270
12271
12377
12670
13105
13405
14052
14158
14877
15190
16229
16914
546
642
1328
1330
1819
1821
1822
1823
1824
1825
1826
1827
1828
1829
1830
1831
1833
1834
1835
1836
1838
1840
1842
1956
1970
3943
10639
12574
680
1478
2297
2985
2986
7567
13047
14907
120
134
136
137
149
447
656
657
2265
2283
2315
2352
43
80
158
176
317
504
534
1149
1159
1272
1763
1777
1987
2103
2311
3907
4005
4082
4284
4746
4747
5719
5811
6381
7025
7193
7737
7969
8049
8397
8721
8791
8812
8927
147
150
173
174
175
221
273
274
302
307
308
378
382
409
750
765
1243
2437
2670
3115
4286
5530
9701
12182
26
86
119
265
1263
1747
2293
2505
2547
3648
4997
4998
5002
5854
6127
6199
7598
8441
8463
10507
12931
681
1454
1946
2100
2102
2486
2930
3811
3891
4099
4364
4786
4787
4788
4790
4793
132
453
895
1151
1394
2087
2793
3176
3978
4201
4313
5355
6309
6322
6571
7270
9200
9372
9529
10029
10739
12056
13644
13979
14565
14943
15097
15123
655
1681
2341
2433
3616
4079
4135
4331
5955
7829
10035
10491
10644
10663
1482
1784
2355
2378
3333
3388
3435
3656
4421
4677
5291
5855
6768
902
1003
1862
2114
2281
2765
3494
3495
4748
5333
5702
5752
5828
6934
7117
8377
8445
8498
9386
9571
10733
12099
14250
560
1332
1875
2017
3117
4011
4445
7682
7834
8692
8864
9233
9493
9814
10669
12482
12752
12877
12894
1978
2120
2121
2453
8274
12445
14657
15316
15856
15950
16271
16379
16658
16733
16740
16776
16777
16831
16842
16977
1042
1377
1751
2542
3426
4498
4738
4739
7402
7458
7978
8132
9962
10577
10578
11499
11670
11672
11794
12109
12110
48
101
400
485
703
792
1048
1245
1353
1383
1391
1400
2032
2357
2369
3077
3078
3079
3080
3083
3085
3086
3472
3858
4164
4710
4852
49
54
1028
1050
1818
1852
1866
2525
9579
1157
2560
2566
2690
7822
7823
9332
106
3932
3941
3942
6412
6577
8522
9933
10170
10221
10690
10791
11588
11589
12425
12456
12887
117
44
45
76
139
162
163
167
192
198
217
266
316
369
423
443
451
527
557
718
881
1118
1225
1278
1285
1286
1326
1327
1348
1401
1419
1428
1434
1469
1778
1924
1997
2082
2098
2124
2324
2546
2631
2956
2984
2988
3026
3118
3233
3234
3339
3408
3510
3527
3593
4040
4073
4148
4367
4444
4532
4726
4847
5034
5221
5516
5732
6189
6248
6390
6522
6526
6761
6825
6826
7084
7416
7808
7886
7995
8014
8628
8754
8779
10200
10678
10737
11169
11322
11548
11660
4052
4189
5691
6521
8440
8834
10411
10718
10930
13108
13439
13812
14141
14528
16755
436
523
1027
1043
1198
1201
1484
1975
2220
2228
2237
3186
3582
5430
5692
5959
6426
6427
6503
6611
7317
7447
7624
8001
8911
9049
9119
9764
9827
9829
9864
10609
10746
11235
903
1160
1397
2305
2711
4491
5097
5868
6216
6469
6549
6895
8211
8217
8960
12395
13128
4
69
93
109
476
635
911
1002
1175
1520
1546
1594
1595
1610
1772
2045
2270
2284
2604
2750
3101
3166
3457
3496
3504
3760
3929
4050
4136
4234
4330
4386
5152
5488
6034
6054
6307
6315
6324
7146
7336
7478
7531
7760
7981
8196
8226
8228
8620
8756
8994
9214
9300
9399
9644
9727
9777
10231
10302
10398
10470
10564
10773
11117
11118
11119
11120
11121
11122
2489
7440
11850
13208
14591
15033
15073
15236
15288
15409
15463
15638
15698
15711
15741
15742
15778
15783
15784
15788
15789
15790
15813
15832
15895
15900
15927
15951
15969
15984
16014
16065
16117
16249
16388
16410
16787
16895
16924
426
2900
4484
7414
8028
8360
12173
12933
250
3191
4961
5343
5508
8163
8859
10358
11357
13437
15027
156
728
3113
4446
5769
9026
9591
24
405
559
1134
1930
2836
3418
3953
4004
4130
4131
6048
7077
7315
7786
7841
9985
11518
12751
665
2208
3245
5122
6098
6377
7627
8117
8606
8618
11930
268
110
227
866
1119
1535
3561
3967
4970
5081
5375
6095
6157
6530
6728
6733
7080
7156
7301
7334
7759
7835
8104
8191
8409
8775
9038
9062
9075
9635
9672
9714
9871
9908
10197
10425
10484
10511
11133
11207
11367
11613
11740
11855
12362
12379
12557
12797
12845
13079
13162
13739
13932
13965
14007
14014
14131
14255
14384
14400
14509
14593
14618
14715
14722
14758
14910
14925
14934
14935
14937
14944
14945
14947
14949
14950
14951
14979
14987
14996
14997
15005
15017
15044
15058
15064
15090
15092
15093
15100
15102
15103
15107
15124
15134
15139
15170
15171
15174
15176
15183
15208
15210
15248
15256
15380
15398
15420
15512
15814
15854
15872
15876
15921
15926
15934
15949
15954
15959
15965
15968
15983
15985
15991
16008
16019
16025
16035
16173
16190
16195
16214
16231
16240
16250
16263
16265
16308
16315
16316
16322
16357
16369
16375
16401
16416
16425
16429
16435
16437
16449
16450
16451
16458
16471
16472
16480
16490
16497
16513
16523
16526
16541
16556
16558
16566
16582
16583
16584
16607
16621
16625
16626
16650
16653
16654
16666
16667
16685
16687
16695
16696
16699
16706
16709
16719
16737
16741
16744
16749
16750
16753
16754
16762
16772
16782
16828
16829
16840
16847
16851
16867
16869
16875
16876
16883
16900
16904
16910
16915
16917
16923
16926
16930
16934
16946
16959
16960
16961
16963
16969
16974
1897
2084
3864
4194
6136
9641
10123
10124
10376
11576
11577
11796
11963
12765
13262
13602
13813
13843
14122
14143
14171
14191
14214
14285
14387
14399
14494
14535
14648
14669
14683
14757
14788
14868
14916
14918
14973
14988
15032
15114
15118
15149
15184
15197
15255
15299
15358
15530
15625
15626
15644
15665
15669
15699
15702
15707
15821
15843
15852
15874
15916
15938
15993
16031
16081
16084
16092
16095
16105
16318
16409
16927
204
1023
1588
2418
3148
3169
3448
3812
4158
5252
6123
6494
6882
7267
7441
7481
7532
7579
7711
7799
8124
8852
9004
9417
9419
9603
10387
10545
10621
10637
10728
10854
11266
11530
11592
11815
11862
12242
12334
12443
12459
12477
12523
12532
12616
12628
12637
12722
12737
12775
12818
12848
12903
12957
13087
13107
13111
13139
13210
13215
13391
13398
13409
13494
13521
13820
14061
14078
14079
14257
14300
14305
14346
14600
14621
14625
14749
14836
14989
15391
15472
15557
15599
15618
15760
15765
15781
15798
15987
16279
16427
16502
13452
13964
14505
15028
15079
15400
15586
15751
15933
16373
16752
16791
1046
2592
3665
3668
4370
4581
4916
5872
8089
8740
9957
10199
223
230
1435
1729
1909
2201
2299
2430
2689
4538
4845
5239
7738
7740
11510
13061
13199
13220
481
2078
2767
3326
4207
4709
6603
7184
8188
10101
10952
11064
837
2028
3431
4982
6097
6446
6447
6482
7573
9123
9575
9582
12942
14342
14448
502
1317
4246
4649
11258
482
802
868
1026
1490
1497
1790
2485
3368
5676
6269
6818
658
831
852
854
855
857
858
860
862
863
1995
2080
2966
5690
6384
11202
5419
8026
8158
9978
10430
10883
11109
11186
12928
13326
13784
14362
14713
15686
15897
16043
74
89
133
222
235
262
293
303
381
389
1179
4819
4821
4822
4823
4824
4931
8280
13020
14646
14663
15403
15745
15772
15822
15847
15883
567
2800
5780
1669
2022
2516
6947
7031
7133
8108
8612
8997
11492
11493
11578
11641
12556
21
143
199
4328
4499
6627
7667
8955
11349
12047
15802
238
525
593
4684
4841
5398
6541
7225
7763
8767
8913
9541
9613
10086
2051
6294
11255
12764
14194
14808
16353
1094
1164
4858
5711
10104
10158
11171
2394
2562
2568
2805
5688
7564
8091
11095
13278
13783
13899
14275
14731
14998
444
9671
10636
11661
11768
12276
12291
14450
14891
209
252
425
427
428
1871
14475
53
731
2034
2035
3056
3058
3271
3736
3738
4122
4226
4264
4703
4933
5839
6287
6693
6867
6868
7015
7182
7547
8502
9330
9682
9751
10000
10033
10097
10109
10561
10563
10948
11132
12346
13369
4356
7486
10043
10150
11212
11812
12689
5
84
112
225
468
489
737
1357
1617
1683
1684
1940
1942
1958
3185
3309
3890
3935
3939
3948
4030
4031
4572
4802
7398
8741
8964
9082
9858
10241
11147
1474
2739
4032
5312
6341
6850
8851
9309
10019
10159
11542
47
926
1085
1091
1135
1962
1993
2292
2326
3129
3142
3411
3696
3747
4392
4398
6285
6602
7431
7456
7752
7783
8478
8479
8846
8861
8888
11222
12004
12325
12774
4838
14682
14854
16528
16599
16645
16651
16757
16761
16793
190
719
818
1251
1252
1253
1254
1256
2294
2306
2399
2616
3036
3037
3042
3161
3194
3195
3492
3641
3642
3643
3644
4085
4104
4485
4486
4633
4725
4804
5356
5392
5534
5660
5989
6030
6068
6231
6489
6959
7467
7663
7735
7787
8832
8910
9439
9719
9743
10631
11325
13946
14963
820
843
849
1476
2298
2470
3132
9059
9533
212
2535
4448
7339
7825
8323
8792
8799
5098
5680
6050
10163
13871
15457
16162
1140
1547
4618
4622
5842
6000
6755
6844
7614
7615
7857
8929
9234
10287
11525
12468
15911
815
883
1472
1491
1735
2018
2472
2606
2737
2738
2919
2920
2923
3001
3016
3043
3053
3261
3386
3832
3833
4420
5397
5916
6036
6111
6635
7355
7439
2758
3089
3348
3349
3351
3608
936
4740
7135
7534
8160
8237
8953
10001
283
1421
2339
2402
2540
2865
3092
3552
3675
3679
3680
3681
4413
4647
4888
4896
4924
5006
5015
5033
5075
5180
5208
6796
7166
7328
7814
9598
9662
9870
10774
11786
12011
12573
14330
896
1722
5761
7101
7109
7110
7112
10672
11675
706
1024
1277
1283
1334
1350
3011
3673
4070
9441
10382
11950
14736
15377
15682
1204
1206
1801
1899
2164
2781
3336
3532
8083
8947
10439
1130
2246
4885
4989
5552
5553
5554
8471
11516
321
3438
5813
7354
7619
8975
10522
10600
12699
13120
13797
14931
14995
15603
1898
2549
2550
2552
2760
6075
7386
7558
8995
9654
10271
10652
11753
11755
11758
11761
11762
13017
13281
14108
14410
418
421
850
907
908
1073
1086
1340
1529
1560
1596
1639
1647
1782
1783
1805
1988
2288
2296
2392
2410
2436
2519
2640
2642
2679
2707
2708
2881
2922
2964
3193
3198
3199
3202
3229
3250
3251
3359
3360
3361
3363
3708
3801
3905
3989
4022
4144
4198
4199
4213
4273
4376
4470
4471
4512
4552
4553
4554
4557
4563
4805
4875
4944
5050
5052
5156
5250
5320
5350
5442
5454
5457
5514
5558
5606
6033
6417
6432
6461
6528
6587
6871
7113
7179
7960
8159
8300
8746
8935
9081
9281
9498
9531
10162
10206
10326
10365
10842
11054
11528
11529
11583
11802
12550
2877
4137
4576
5339
6300
7001
1032
3987
6644
7085
7397
9205
9368
9459
9991
10760
11179
11229
13193
14073
14244
7053
8392
9712
12571
166
313
1001
1539
1568
1662
1666
3278
3440
3480
4193
4379
4816
5105
5479
5518
6302
6471
7702
7958
8186
9224
9363
9994
10256
10359
10469
11283
11288
11295
11300
11497
11534
11700
11879
12010
12342
12600
12669
12792
12836
12936
12946
12978
12998
13042
13131
13169
13211
13238
13246
13248
13304
13323
13358
13373
13389
13394
13467
13476
13528
13591
13817
13851
13876
14121
14376
14445
14451
14453
14518
14560
14578
14586
14627
14660
14765
14856
14967
15010
15023
15059
15075
15193
15243
15274
15333
15351
15389
15630
15632
15649
15660
15663
15709
15716
15726
15764
15792
15912
15925
15937
16000
16068
16096
16104
16115
16127
16317
16386
16518
16636
16716
16771
16844
1195
1231
2091
5088
5313
5403
5823
6196
7209
251
356
556
785
1779
1809
2076
2245
2777
2791
2792
3025
3175
3896
4368
4409
4427
4531
4682
4994
5784
5844
5852
6153
6564
6585
6933
7943
8058
8596
9348
11142
13235
572
875
948
1038
1242
2450
2456
7223
7379
9608
13505
14071
14606
15228
15743
16366
16503
16644
16758
16822
16855
16866
16896
16907
16931
16954
16962
16968
16972
1960
2687
5048
6084
7743
8591
9030
9136
13009
6570
8748
14726
14938
15481
15485
15598
15661
15738
15773
15863
16034
16151
16161
16165
16264
16280
16296
16335
16349
16371
16469
16545
16560
16575
16595
16748
16789
16863
16868
16870
16898
16918
1753
1765
3104
3834
4719
6327
6689
8224
8887
9109
10020
2232
3221
3414
3636
4828
4946
6083
6086
6387
6472
7466
8484
8986
9284
9341
9343
10401
12002
12923
13507
1712
3846
4562
4620
5025
5224
6847
6848
7836
9842
9843
1182
1183
2113
3227
4613
5560
6932
7102
7657
7733
9828
12702
12714
13893
1791
3631
6290
10539
12830
13134
13630
13631
13632
13633
13634
13635
13636
13637
13638
13639
13648
13649
13650
13651
13652
13653
13654
13655
13656
13657
13658
13659
13660
13661
13662
13663
13664
13665
13666
13667
13668
13669
13670
13671
13672
13673
13674
13675
13676
13677
13678
13679
13680
13681
13682
13683
13684
13685
13686
13687
13688
13689
13690
13691
13692
13693
13694
13695
13696
13697
13698
13699
13700
13701
13702
13703
13704
13705
13706
13707
13708
13709
13710
13711
13712
13713
13714
13715
13716
13717
13718
13719
13720
13721
13722
13747
13748
13749
13750
13751
13752
13753
13754
13755
13756
13757
13762
13763
13764
13765
13766
13767
13768
13769
13770
13771
13772
13773
13774
13775
13776
13777
13778
13779
13780
13781
13782
13786
13787
13788
13789
13904
14040
14041
14042
14043
14044
14045
171
6106
11037
11338
13050
13100
13952
14392
14636
14688
14692
14799
14841
14972
14983
15011
15063
15067
15175
15222
15247
15253
15289
15293
15313
15326
15338
15362
15368
15387
15390
15402
15408
15434
15437
15438
15440
15495
15499
15503
15535
15538
15574
15575
15595
15637
15642
15653
15668
15697
15722
15727
15752
15753
15756
15761
15803
15815
15868
15870
15890
15896
15944
15986
16015
16078
16079
16116
16174
16260
16305
16365
16419
16459
16512
16559
16722
16799
16800
16804
16806
16864
16865
16879
16903
16919
1072
5011
5276
7048
7211
7215
7993
8508
8952
9631
10247
10744
11329
11959
11960
12151
12263
10466
10923
12575
12811
15111
15690
805
1658
4518
5351
5637
5681
6161
7548
7613
7756
7887
7935
8782
8815
8865
9468
9796
9831
10431
10938
10982
11040
11314
12107
12810
12901
12947
13076
13118
13376
13402
13626
13728
13852
13864
13921
13933
13956
14094
14112
14128
14288
14464
14543
14655
14852
15042
15048
15156
15229
15340
15352
15430
15588
15593
15656
15679
15767
15853
16232
16268
16278
16333
16346
16381
16396
16405
16413
16418
16422
16428
16441
16455
16457
16467
16532
16533
16546
16565
16631
16637
16657
16813
16836
16843
5070
5330
5615
5616
5617
5618
5619
5620
5621
5622
5623
5624
5625
5626
5627
5628
5629
5630
5631
5632
5633
5634
5635
6310
7891
11278
7020
11595
11681
11864
12139
12508
12552
12690
12693
12724
13565
13827
13911
13926
14313
14323
14412
14605
14620
14740
14786
14895
14912
15187
15240
15314
15737
15882
15884
15915
15923
15956
16393
1876
2155
3167
4247
4249
4250
4252
4253
4255
4258
4259
4261
4880
6573
7528
10519
10523
10921
3387
3399
3485
3800
3835
3873
4091
4168
4169
4170
4636
5934
6206
10148
218
5522
5937
6441
6964
7476
8194
8202
8432
8531
8603
8604
11345
11734
13344
14116
16808
2053
2056
2325
3879
7489
7680
9045
10758
13267
61
1904
2468
2471
2654
2745
2893
2955
3353
3764
3923
4358
4435
4441
4442
5023
5090
5103
5194
5321
5987
5988
6241
7806
8141
8167
8969
9564
10186
10194
10232
11316
11580
12174
12604
12768
12846
12869
12888
12987
16945
125
957
965
1125
1127
1129
1131
1137
1138
1150
1338
1361
1404
4449
7170
7330
9171
0
56
1457
1551
1582
1620
1645
1999
2823
3154
3156
3284
4067
4068
5525
6983
8248
8298
10292
12865
14067
14102
14431
15349
16041
16097
16178
16248
16251
16256
16861
281
284
717
2340
2343
2588
2798
2868
3603
4534
9552
12330
14031
3783
4737
7036
8095
9790
10601
3294
6458
6966
11656
12664
12712
13302
13576
13818
14163
14280
14666
14667
15794
2850
2873
3108
3784
3926
4109
4200
4589
4724
5111
5218
5341
6092
6174
8456
9618
9758
10392
10421
10447
10451
10874
55
57
59
65
115
123
124
152
213
254
530
712
813
930
42
679
770
2330
2331
3313
7490
9968
10087
10604
11218
11586
12469
12625
12985
13115
13138
13481
13482
13492
13514
13515
13530
13736
1174
2398
5607
6066
7730
9752
9754
64
1548
1680
1873
2085
4038
4693
6403
6406
7259
7629
8309
8530
9554
9587
12800
13280
14454
16141
16838
90
1561
3975
4015
12682
13378
243
550
654
1356
2122
2233
2786
3178
3677
4281
4459
4460
4580
4773
4774
7163
9117
10518
10893
278
2375
4239
4729
5012
5421
6544
8907
10975
13740
15088
15095
15446
439
1542
1590
1698
7365
9144
10249
838
2000
2680
2681
2771
2965
3592
7421
7972
10409
13795
15433
3797
4415
6997
8173
8174
8394
8540
8541
8673
8674
8675
8677
8678
8679
8680
8685
264
520
1741
5162
6025
6167
6256
6540
6736
6994
7753
8004
8064
8151
12307
12666
13597
15831
15838
16132
16155
16288
16301
512
5722
6704
9678
11036
11696
12015
4660
8817
8943
8988
10573
12272
12492
13804
16947
1065
1068
2599
3292
3453
3799
4108
4114
4325
6187
6242
6722
7153
7192
7724
8460
9007
2766
4939
5408
7430
7630
9012
9100
10112
10924
11686
12066
12320
12646
12794
1430
3352
4430
6192
6280
8760
14809
1918
4348
6353
8281
8773
12853
13285
13966
14718
40
1655
7638
7726
7739
7917
8231
8371
8419
8513
8668
8726
9388
9711
9926
9983
10022
10077
10264
10275
10306
10340
10349
10350
10786
10841
10855
11008
11927
12455
12762
1556
3836
5639
8609
9334
11011
11046
11315
11728
13419
14019
14383
14623
14863
359
925
1424
2816
8236
12652
2005
2532
2980
5223
7779
7810
8826
11805
13828
14590
14835
14942
15431
15490
15621
16299
16342
16343
16445
16555
16620
95
551
641
1344
1365
1393
1406
1769
2040
2263
2459
2531
2853
3565
3678
3684
3782
3857
3968
4280
4453
4469
4489
4778
5056
5766
6003
6004
6005
6394
6396
7796
7812
7832
7980
8006
8052
8061
8956
9650
10094
10154
10368
11543
12100
12237
12319
12559
12635
13151
15089
15157
15470
16593
1455
2417
2987
3630
5354
6843
7947
8654
9153
9230
9256
9516
10713
11648
12758
13401
13484
13554
13845
13854
14123
15144
16147
702
1211
1743
2365
3218
3416
3609
4731
5182
7380
7661
7813
8040
9464
9972
13053
13059
15163
15294
296
7533
8230
9633
9953
11633
11795
13043
13460
14328
16358
16682
16707
16845
16933
16964
16976
7377
12989
14230
14368
14415
15007
15186
16285
9257
10524
10848
12339
12791
13023
14274
14532
14834
16456
3
7255
9228
9793
11694
11967
16297
5161
9043
9557
9593
10332
10386
10775
1878
4069
6835
7751
8075
8282
9472
9768
9965
10036
10065
10531
12733
12743
13877
13940
704
2411
2473
2507
3125
3130
3573
6505
7587
7942
8303
8326
8349
9194
9705
14289
1483
2178
2179
3347
3377
3585
4326
5873
7353
7938
10832
12167
13263
170
497
698
928
935
1088
1627
1815
1816
1817
1848
1894
2128
3217
3557
3693
4047
4614
4655
4891
5284
5585
5917
6172
6365
7266
7273
7413
7419
7510
7721
8216
8278
8425
8837
8981
9067
9431
9547
9549
9677
10316
10357
10364
10614
11253
11351
12122
12354
12373
12381
12736
12739
13469
14216
14264
14268
14491
14508
14691
14777
15203
15547
16076
666
2393
2563
5248
6029
7572
10301
11285
2055
2509
2918
5923
7300
7392
9180
9272
9977
11606
1000
1012
1014
1025
1215
1773
3319
5741
6219
7005
7094
7095
7139
9734
12904
8227
10891
13995
15086
15677
16788
609
1173
1723
7432
12133
12162
3849
4422
5337
6429
7438
9507
9589
10049
10864
12035
12279
12378
12498
12603
13179
13400
13512
13939
14604
15251
16703
172
182
202
232
377
403
480
578
598
2086
2553
3828
4566
4567
4696
5140
5178
5413
5528
5544
5565
5654
5970
7410
8100
8110
8115
8388
9874
5270
5730
6042
7119
8275
8823
9032
9845
10468
11069
11726
11739
12164
12282
10319
10328
13841
15109
15508
15674
16018
16071
16120
16397
16691
16957
1717
4809
5113
5175
6524
8496
14396
15185
15903
2012
5193
6283
7155
8077
8967
10191
10482
10719
10920
12197
12317
12551
13084
13170
13225
13422
13448
13628
13801
13811
13878
13970
14053
14068
14136
14140
14147
14148
14193
14315
14357
14465
14539
14579
14585
14613
14839
14948
14984
15054
15459
15502
15504
15522
15587
15670
15671
15680
15857
15869
15914
15917
15963
15964
16013
16083
16182
16199
16236
16314
16328
16336
16351
16378
16511
16569
16627
4423
4425
4426
4432
4437
4440
4733
4735
8408
11663
263
1606
6255
6788
8759
10184
11232
11646
12156
12474
12564
12569
12607
12608
12713
13889
15361
15364
15404
15425
15922
6988
7175
9517
9684
14064
16506
16711
16830
16872
329
2337
2617
2888
3686
8421
11194
12679
14085
14226
14283
874
4535
7010
10081
6357
7904
10283
10998
11148
12432
353
1415
2075
2841
2842
2848
2852
3389
3412
715
1030
1381
3136
3723
4119
4763
6080
6515
6931
7040
7516
8937
9084
9921
10875
14575
2112
3966
4002
4009
7583
8863
13430
1521
1637
3204
9773
13204
15749
16266
16290
1973
2061
2348
2586
3287
4185
4196
4412
4520
5352
5437
5641
5643
5756
5953
6041
6112
6152
6330
6470
6645
6649
6718
6726
7716
8133
8268
8290
8324
8399
8473
8702
8714
8992
8993
9006
9065
9106
9322
9424
10153
10179
10679
10696
10723
10936
10990
11055
11160
11574
11627
11654
11800
11859
12257
12260
12386
12494
12525
12580
12755
12917
13091
13221
13395
13607
13619
13868
15083
15394
16085
16261
16454
1387
2501
5260
6822
7212
7213
7434
7968
9597
10711
4611
10660
13978
154
318
383
505
1444
1888
1985
3716
4123
4713
4952
11933
12070
1564
3153
7785
9041
12691
13475
14500
14642
15787
16011
16180
16402
16403
16616
16697
16763
16882
16928
1045
1062
2622
3514
6321
7296
9730
11108
12155
14665
14849
5728
6951
8801
13934
14144
483
1123
1711
3704
5259
6495
7075
9327
9530
10843
10909
11156
11331
12437
12457
14779
15323
15367
15979
16069
16254
16948
16975
2428
4314
5753
6975
7149
7306
7498
7499
7500
7720
8468
2191
3721
6413
7973
8080
8088
9925
12284
13224
14017
14455
14878
15198
15345
15363
15672
15892
16287
98
1859
2518
6262
10121
11126
11369
11370
11494
11596
11630
11688
11695
11701
11713
11748
11793
11804
11811
11825
11835
11851
11895
11928
12023
12038
12069
12117
12119
12121
12123
12125
12168
12359
12387
12422
12458
12480
12491
12502
12522
12531
12562
12632
12634
12660
12662
12735
13007
13063
13418
13428
1532
4503
7248
7714
7811
7890
8991
9282
10346
10472
10500
11313
11716
11889
12384
12430
12591
12685
12686
12960
13423
13802
14479
14544
14615
2497
2700
5407
5969
6043
6609
8038
8535
8716
8717
8718
8719
8729
10262
10313
10325
10510
10916
12095
397
581
582
2882
2885
2886
2887
3670
3944
1049
1807
1808
2668
2941
3683
4779
4999
5338
7216
7765
8118
9203
9482
9883
10273
10274
14420
1498
2092
2093
4229
4407
5135
6916
7616
7925
8074
8243
9013
9637
2141
3434
6754
8481
9444
10647
11141
11374
12293
12581
12681
13144
13195
13485
14447
14733
15135
15223
15324
15543
15695
16029
16269
16273
16310
16465
16731
16779
16837
1774
2741
2820
3733
4318
4697
5109
5379
6168
7962
8203
8742
9457
9614
10071
10213
10322
10536
10729
10759
10870
11856
11894
12512
12570
12767
12937
13014
13066
13103
13260
13296
13461
13860
13872
13927
15226
15920
3256
4808
5950
8516
8521
10128
12190
12191
12840
338
841
1178
2158
2578
3465
5132
5381
5579
5788
5943
6731
8262
8626
9548
9821
10320
10622
10958
10999
11677
11787
11920
12265
12543
13190
13322
13586
14766
14971
15624
5949
9750
11723
13341
1036
2469
5110
11058
11098
1541
7451
9114
9890
10391
10397
11264
92
113
169
1108
1111
1246
1744
2147
2152
2162
2168
2313
3060
3061
3062
3303
3826
3827
3992
4670
4811
5112
5335
5370
5561
5576
5675
5709
6218
6220
6662
6665
6683
6690
6862
7727
8664
9448
9460
9461
9639
10570
10822
12114
12358
13005
13200
13308
14512
14520
4138
5163
7331
7788
8634
8641
8648
9280
10118
10493
696
1748
2611
2658
2699
3257
3778
3920
3998
4339
5021
5642
6275
6538
7303
7584
8063
8814
8881
8924
9397
9478
9788
9937
10395
10402
10450
10565
10895
10897
11667
11775
12266
12345
12348
12407
12599
12861
13051
13149
13176
13477
13495
13640
13865
13991
13994
13996
14006
14050
14054
14076
14092
14181
14182
14217
14223
14256
14311
14316
14335
14389
14395
14524
14583
14725
14764
14780
14865
14874
15166
15173
15273
15329
15500
15549
15731
16010
16040
16050
16062
16114
16119
16136
16238
16239
16293
16329
16331
16340
16508
1398
1746
2727
3265
3473
3671
3952
4574
4584
4776
4781
4977
5007
5217
6393
7504
9288
9917
161
870
1089
1282
1301
1318
1475
1526
1624
1889
2060
2996
3258
3382
3392
3393
3394
3439
4295
4301
4306
4374
4450
4545
4886
5385
5715
6149
6170
6312
6513
6582
6600
6658
6737
7115
7285
7592
7776
8207
8289
8434
8867
8868
8890
9034
9192
9432
9433
9434
9436
9456
9826
11236
11629
11652
11774
11936
12375
12380
12855
12907
13471
13508
13606
13825
13892
13967
14099
14651
14775
15227
15565
15566
15571
16038
16187
16630
10876
12447
14034
14490
118
708
6456
13288
14589
1724
3165
3189
3190
3924
4483
7019
8103
8354
11575
12171
13038
13983
14184
14571
14837
16006
2118
3625
4007
5158
7585
8067
4378
4782
4785
256
257
258
259
279
1010
1295
1316
1494
1495
1496
1501
1726
2130
2134
2144
2304
2650
3447
3463
4332
4530
4546
4588
4722
4810
4851
4911
4955
4980
5024
5029
5030
5032
5045
5127
5254
5271
5463
5484
5485
5492
5507
5600
5705
5764
5956
5985
6107
6116
6128
6131
6147
6148
6209
6265
6311
6400
6434
6474
6475
6519
6589
6591
6640
6650
6661
6717
6902
6922
6955
6961
6996
7006
7028
7034
7035
7060
7062
7158
7257
7284
7358
7361
7404
7656
7674
7678
7683
7684
7931
8009
8436
8653
8786
8889
9079
9227
9298
9301
9523
9713
9918
10181
10196
10394
10670
11341
11555
15875
15995
16295
6643
9210
9653
9766
9973
15168
3522
12419
14672
15152
15801
236
2020
8343
9159
9568
9569
12367
1855
1860
1864
1890
3526
4384
4616
4867
4973
5589
6186
6282
7460
7979
8485
9673
10211
10898
10899
11282
11720
11721
11925
12229
12338
12415
12484
13148
13356
13359
13453
13615
13982
14186
14303
14372
14373
14390
14638
14737
14862
14920
15169
15307
15325
15516
15594
15667
15836
16024
16052
16129
16242
16478
16647
16746
16857
16922
1764
3471
4402
5282
5835
12657
14689
1096
2182
5945
7279
8723
9207
9406
9592
1500
6977
7897
10811
13592
13726
13850
14080
14353
14354
14566
14610
14681
14706
14826
14927
14986
15003
15108
15235
15268
15271
15278
15344
15395
15443
15528
15780
15905
15924
15939
15967
16121
16849
801
988
1109
1184
1439
1766
4479
4482
4762
4769
5962
6424
7030
7072
7982
8735
9551
9626
9866
9868
10905
12152
2970
3606
8490
11327
11524
11747
11917
320
9546
434
880
1395
1928
2717
3236
3240
3748
4151
4248
4357
4606
4827
5806
6501
8032
8503
1714
3305
5387
5388
6667
6675
8875
9167
10520
10756
11237
11238
11240
11251
11256
11271
11519
11798
11883
12228
12232
12239
12658
13839
6598
8731
9542
10180
10296
10629
14175
16198
16483
762
3410
4324
5037
5363
6105
6673
12105
4206
7231
13194
99
457
839
969
1044
1112
1414
1416
1418
1429
1464
1465
1468
1906
1925
2908
3023
3247
3427
3662
3674
4985
4986
4987
4990
4991
4992
4995
4996
5000
5003
5004
5008
5009
5010
5425
564
1208
3345
6334
6695
6698
7258
7444
8580
9124
9716
105
332
844
847
1020
1056
1170
1719
1931
2135
2856
3340
3488
3919
3999
4902
5524
6076
6531
6532
6535
6613
6749
6762
6764
6765
6767
7322
7329
7725
7902
9489
9794
10156
10750
11503
11897
12175
12394
14386
15866
4352
4354
10697
13814
14135
15071
15714
15715
1248
1249
2184
2290
2625
3299
3373
3746
6088
7310
9664
9667
9808
9879
10037
10046
10091
10212
10837
11533
11698
12034
12258
12424
12671
13265
13291
13365
13425
13427
13614
14668
15180
15306
15692
15693
1761
8356
8608
11781
13268
13903
14049
16012
16219
16226
16694
16978
479
515
518
522
524
545
721
729
742
743
744
745
938
1076
1233
1234
1264
2106
2594
2869
3254
3274
3276
3478
3512
3545
3817
3961
4831
5072
5134
5139
5272
5298
5310
5315
6238
6941
7164
7473
7937
8831
12213
647
1370
3745
5410
6087
8922
9291
10244
12401
12720
1399
1969
2150
3039
3145
4060
4242
4676
5549
6346
7406
13385
1913
2521
7424
7924
11986
1571
3263
3645
3692
3860
3869
3983
4405
4541
4653
5054
7536
8213
9286
10341
10369
10589
12064
12487
797
955
5582
8131
9110
9553
12627
13918
13936
3562
4673
4772
7092
7237
8464
8632
9398
12621
13386
13556
13838
14531
14545
16103
16111
16382
207
1380
2466
2520
2746
4150
4161
5183
6625
6628
7370
8722
10117
10294
11201
12895
13029
13241
13269
13270
5331
7840
8090
10377
12730
2170
7651
8319
282
569
918
951
1861
2336
4575
4577
5228
6466
6607
7838
8206
2415
7879
10499
10834
12248
12620
12847
13147
13259
13277
14252
14333
14462
14940
15029
15055
15140
15164
15192
15221
15302
15330
15355
15818
15891
15902
15913
15946
15947
15973
16089
16090
16158
16207
16259
16281
16320
16352
16494
16550
1106
2646
3070
3071
3570
3930
4018
4142
4299
4347
4406
4533
4587
5346
5570
5921
5977
7222
8385
8467
8570
8577
8676
8715
8847
8848
9415
9611
9901
9927
10106
10344
10396
11788
12057
12061
12392
12619
12979
12991
13072
13346
13383
13411
14207
14497
14581
15506
16826
96
2123
3639
3803
5185
10693
13510
686
5493
8184
9683
9797
9839
10347
10724
11344
12606
13819
15270
16292
16321
8
9
340
1410
2272
2605
3537
3542
3602
3712
3728
3729
3731
3794
3894
4225
4263
4296
4297
4298
5601
5979
6925
7126
7395
7422
7670
7817
7878
8621
9466
9640
10171
10902
11048
11059
11342
11979
11980
12200
12940
13244
14917
484
1994
2360
3596
4285
4964
5058
6642
6907
7426
7669
8136
8510
9628
9878
10251
10627
11785
12048
13082
14236
14783
16152
16615
16678
16679
16805
16971
630
3183
3184
3724
3779
4521
5677
6109
8946
9324
9704
10558
10957
11163
11281
11496
11573
11622
11962
12233
13030
13033
13143
16708
13010
15094
3796
3838
5686
5723
5734
7169
8241
8765
8880
8916
9702
14127
334
12626
13502
13793
14871
15070
1275
1412
1750
2636
2774
2967
3252
5543
6230
7003
8350
9540
995
3575
8162
9019
10004
10754
10983
12426
12844
13024
13098
13218
13573
14894
15694
15739
16668
10590
12932
13028
13993
14119
15645
16785
499
5966
8824
12029
12801
12883
13531
13605
13624
14152
14299
14359
14437
15177
15807
16400
16448
16827
16890
2698
3264
4153
5374
5567
7073
7571
8507
8611
8617
8923
9421
9425
10514
10550
12219
12382
13045
13070
14550
14626
6840
7971
8125
8830
9066
11902
12953
13488
13907
13908
14117
14674
14875
15284
330
1986
2042
2439
2443
3133
3207
3626
4204
6672
6751
6752
7700
949
950
956
2916
5757
6045
7350
7374
11080
12694
9513
13113
15386
5612
6967
9605
9818
16641
16736
1758
1770
5925
5948
6663
6666
77
1271
2097
2204
2898
3741
4045
4632
4983
5336
5367
5906
5971
6179
7326
7941
8451
8527
9001
9036
9037
9111
9857
9967
10210
10217
10351
10515
10657
10740
10813
10880
11083
11326
11896
12460
12461
12466
12467
13099
13553
2558
2565
3244
4025
5035
5188
6487
6497
6498
6506
8545
8770
9061
9528
9670
9875
10040
10308
12189
13089
13140
13732
14082
14773
16773
2189
2190
2367
2973
3097
4305
5295
6559
7288
7961
7990
8762
9355
10407
11358
12223
13013
13150
13226
13314
13566
13646
13733
13785
13844
14000
14245
14294
14422
14548
14557
14637
14708
14720
14798
14881
14975
14982
14990
15006
15147
15179
15205
15216
15252
15315
15331
15374
15384
15615
15633
15736
15804
15837
15981
16016
16099
16139
16140
16185
16186
16205
16276
16304
16359
16377
16390
16439
16444
16521
16529
16766
16780
16794
16850
16929
16979
3196
8036
8457
8458
9757
155
373
941
1261
2314
2479
2747
2748
3703
3886
3928
4077
4134
5028
5417
5575
5964
6061
6240
6523
6793
7120
11025
778
780
913
1425
1739
1780
2356
2619
2626
2783
2896
3288
6370
6407
6459
7602
9215
10540
469
531
832
4925
6257
7367
7774
8114
8312
8330
10051
10055
10452
11231
11343
12077
12546
12779
13799
246
3138
3421
4650
4892
6537
7537
12453
14436
15085
15245
15505
15578
15842
206
406
2105
5527
7562
7896
9955
13114
1459
4065
5309
9982
688
996
1552
1558
1574
1608
3019
3210
3964
4360
5060
5095
5101
5215
6049
7218
7523
8128
8225
8613
9151
9157
9158
9706
10111
12096
12695
13189
13810
14870
14962
15885
16417
1432
3302
5263
5264
445
3366
3617
4017
4968
5765
6063
6493
6854
5332
6314
6647
7520
8588
12479
2335
2867
4497
12216
12368
13227
15639
5515
13511
1161
1223
2203
10045
1569
2529
2621
3164
4668
5598
7648
9093
9195
11910
13217
14730
1190
4465
6210
8030
8489
8805
8885
10591
10624
11127
11790
12225
13198
13261
13498
13541
13583
14142
15762
16725
978
7868
8745
8790
9029
10884
13412
14248
14608
15016
15036
5911
6651
8873
9600
10910
10911
11711
13025
1324
4118
4937
4938
5797
7715
8987
9211
9254
10504
12008
12302
12504
12835
12838
14650
14954
15419
15423
16218
16306
16889
67
304
379
402
503
749
763
912
1754
2001
2784
3409
3551
4055
4316
4716
5082
5578
5826
5992
6342
6433
7769
7975
8051
8177
8255
9474
10023
10888
11873
12924
13272
13432
2814
2826
6372
8787
9689
12007
12833
13595
13609
2064
2256
2762
2775
2776
3143
7449
8712
9974
7826
8917
9681
9813
14319
5573
6173
6229
7136
7606
7607
9235
9509
10607
2998
5444
12332
4113
5754
6404
7446
9623
10327
11360
183
185
300
309
319
385
390
391
392
393
394
395
401
404
417
509
510
583
889
1077
1486
2280
2734
3314
3455
3781
4277
4288
4293
4473
8985
10152
1708
1710
1715
2156
2171
2175
2176
2780
2979
3482
3580
3584
3763
4658
7633
9765
11521
12517
6655
9776
12289
12335
12721
13177
13236
14609
15320
16618
775
2789
2795
2796
2797
2799
1572
4291
5815
10085
11137
11536
11552
12416
13987
14098
14695
14793
15539
15684
2942
7134
16567
3506
3900
4350
4351
5093
5094
5099
5100
5102
5232
8549
8684
10825
12295
12727
13035
13599
13805
14340
14492
14696
15606
16798
1191
5831
6944
10830
971
972
2948
2949
3752
4000
4001
5274
5198
8980
10541
15673
1148
1402
3790
8265
10955
12554
13185
1202
1661
3106
3291
6418
7600
7900
8876
9253
14005
14317
14519
14614
14670
14679
14709
14846
14848
14858
14953
1794
8418
9445
10052
11014
13723
1814
2480
2662
2828
3090
3163
3242
3564
6281
6368
6620
6792
7662
8361
8376
8704
10233
1874
7474
10195
10701
14380
7022
15084
290
346
871
1258
3031
4243
4540
5181
5304
6261
6480
7407
7408
7409
4369
8546
10978
11286
11549
11717
11718
13283
13284
13920
13992
10289
10926
12427
12587
12754
12920
12955
13324
13416
13458
13501
13522
13612
13894
13944
14011
14030
14046
14154
14337
14352
14407
14418
14489
3640
3531
7278
9480
11784
2195
51
878
999
1142
1255
1688
2013
2496
3094
3489
3490
3497
4652
4843
4855
5014
5526
5712
5720
5721
6038
6633
9627
11140
12436
2575
5803
6568
9854
16622
16640
16810
459
4361
7965
9539
10885
12076
12396
12404
12726
12961
13228
14272
16384
2261
3524
12451
12548
13097
13104
1367
5845
9305
10798
3149
4180
6453
8690
9063
12493
12881
7443
13620
1650
2214
2224
6146
2851
2995
3634
6130
9446
12314
14253
15918
7977
9940
9941
2639
4016
6213
6214
6379
6553
494
1299
1634
2414
2517
3629
3689
5447
9665
11298
14633
2376
2377
2615
3520
9060
10165
10415
2109
4743
5958
6858
6940
1185
1186
2231
2243
4783
6059
8022
8667
11806
12728
12935
13975
14267
15855
507
776
2991
7122
7226
360
361
693
8150
8368
9073
9576
10238
88
753
1524
1601
1604
2002
2285
2620
2724
4147
4950
6838
8292
8446
10083
11987
12537
14056
14488
15378
15941
16106
16194
16344
16442
16474
16492
16730
16809
339
2447
2666
2904
3682
3982
4220
4768
7013
7866
7909
7997
9303
9508
13875
15057
11699
13572
14115
15015
15018
15065
15162
15233
15257
15410
15416
15576
15720
15793
15827
15840
15841
1983
3544
3829
3984
10141
8818
14282
4674
7346
7551
673
2669
4522
5707
7582
9142
9143
2541
7172
7482
7483
7484
7994
8681
10333
10513
11337
993
1015
3330
3430
11976
12264
5805
5814
8085
8497
8499
12464
13951
14208
72
700
1039
1788
1880
2476
3538
3597
4323
4899
5240
5968
6195
6554
6741
7521
8120
9760
9949
10619
10720
10726
10727
11099
11214
11914
12444
13545
14724
1417
2759
2993
3177
4451
6113
9660
10432
14047
14701
14807
833
3730
3842
6520
6560
7893
8713
9033
9385
9897
10554
11513
12610
13088
3238
3241
5027
5170
5605
5802
6211
6753
6875
7029
7272
7347
7348
7718
486
1646
1657
1955
2420
6499
6601
751
2409
4691
5679
5926
6058
6399
6488
7178
7309
8727
8728
9371
10018
10441
11115
11149
11150
12486
12586
13466
13562
14095
14106
14349
7479
10833
10959
10981
784
793
960
961
962
979
1374
2506
2612
2634
2809
2968
3068
3785
3848
4509
4678
4812
4842
5142
5731
6367
6510
6957
7023
7090
7539
7586
7944
8209
8355
8486
8488
8965
9820
2059
6478
12910
87
1013
1507
1517
1518
2065
2374
3372
3487
3559
3714
4089
5319
6899
7124
7150
7186
7298
7491
7492
7493
7495
7496
7501
7511
7644
7676
7719
7880
8635
8639
8747
9051
9088
9317
9462
10225
10434
12019
12490
12970
13885
14549
15081
15428
13882
3029
4882
7007
10057
14205
14619
15657
816
2440
6629
7588
8076
11252
11612
13090
13214
13415
13919
4110
6677
6692
13168
13374
2407
3996
5201
5202
5203
5206
7
116
159
677
1630
1643
2840
3990
4166
4191
4400
4826
5019
5280
5441
5443
5450
5596
5999
6371
6373
6414
6415
6419
6420
6421
6422
982
1144
1262
2117
6212
7071
8595
9661
10444
12673
13459
310
435
553
629
890
1936
3709
6349
6542
7357
9490
12318
1006
2935
4490
5546
9302
13327
13977
14909
15060
4383
6496
9289
14206
14771
2107
2200
3180
3550
5256
7833
7871
8862
11131
12256
12514
13106
15432
104
968
1540
1566
5059
5092
5287
5348
6738
6777
6778
6924
7290
7628
9161
10066
10459
10502
10877
10996
11020
11072
11094
11145
11550
11649
11767
11780
11905
12028
12286
12360
12366
12431
12867
12944
13077
13255
13333
13441
13758
13794
13891
13998
14179
14504
14872
15106
15207
15337
16171
16385
16404
201
1977
4072
4175
4230
5402
8260
10777
12376
14325
2300
11750
11820
12018
12656
6233
6279
9047
14351
16200
16212
16348
16531
16547
16549
3000
4076
7577
9561
10927
11250
13823
16176
2212
2495
2926
5366
7687
9473
12876
824
5091
6911
8033
1322
2909
3535
4188
6277
7253
7809
12179
12261
13205
14028
14471
16446
16447
5584
9810
7321
8348
9465
13836
2282
6014
7207
7859
7908
8734
10717
11348
11352
14631
16126
438
463
985
2165
2463
7141
7464
10603
12641
14292
15297
1533
4664
5258
5406
7553
9218
11719
11803
11842
12577
13431
528
2380
3134
3436
4607
4795
5288
5432
6254
6791
6913
7463
7560
7570
8027
9221
9394
9663
10486
10509
11030
11097
11198
12783
4687
9443
10102
2673
3034
5176
5177
5179
1232
7847
8439
12476
9387
10240
10869
11642
11743
12974
13055
13141
13472
7858
8710
3579
4083
7206
8656
422
796
1037
1040
1227
1333
1376
1378
1385
1386
1388
1390
1392
1396
1405
1456
1477
1492
1857
1908
1927
1932
2366
2663
2892
3619
3698
3921
3922
3960
4414
4436
4714
5412
5541
5636
5651
5857
5859
6558
7244
7271
7789
7839
2951
4947
13298
1893
3883
5559
5912
6295
6297
7417
7603
8524
8554
9199
10488
12062
12440
14312
15145
16087
1145
2115
2876
2884
3486
3543
4081
5981
7251
7929
8092
10741
1499
1528
1591
1622
1623
1654
1660
1693
1702
2824
2940
3122
3787
4145
4798
7044
7050
7359
7755
8269
8299
8665
8996
9269
9313
9997
10896
11144
11892
12902
13157
13596
14247
14347
14896
4121
6824
8073
12843
470
991
992
997
1004
1008
1011
1016
1017
1019
1022
1110
1165
2403
2891
3553
3621
3713
3715
3727
3739
3756
3757
3759
3768
3769
3771
3795
4106
4504
4669
4672
5153
5856
7014
7450
7526
7655
1066
2166
3567
5767
6205
146
46
341
448
488
513
514
526
636
754
771
1224
1813
1863
1976
2133
2137
2362
2725
2832
3040
3041
3081
3470
3706
3773
3931
3980
4095
4395
4556
4594
5071
5087
5126
5557
672
1699
5225
5744
6784
7125
7772
10126
11924
13600
13809
14036
14138
14306
15755
354
1259
3702
4976
5294
5587
8853
10234
10965
11551
13085
13571
16812
5448
5694
10192
9979
9980
9981
10009
3385
4033
4380
4866
5036
9934
1911
2386
2801
3560
3572
3991
6869
7707
9312
11665
13309
806
5373
1172
2149
2153
2347
2757
5191
5673
8512
11532
11645
11846
11982
12094
12195
12413
12471
12510
12922
13219
13354
13496
13869
14039
14087
14228
14320
14712
14769
14776
14784
14787
14792
14806
2773
3214
10643
11984
11985
12761
14169
15658
664
2019
2813
4240
7524
7557
8619
8795
8833
9028
12001
1467
2096
2729
8041
8896
10420
1996
6534
10348
11900
7428
12112
471
3895
3904
4951
5251
6340
6985
6991
7488
7967
7987
8337
8610
8789
9396
9409
9413
9636
9855
9884
10016
10067
10300
10789
11029
11146
11585
11809
12251
12602
12948
13380
13390
14010
14063
14356
14547
14552
14913
14985
15199
15388
15436
15561
15810
16118
16142
16177
16204
16510
16548
16580
16665
16899
16970
16635
16681
16906
2772
7056
8703
9524
2202
5566
2046
2764
6514
6516
9647
9649
12344
14218
2308
3272
4282
5301
5773
6641
7477
8750
10303
7337
8658
9427
10110
10183
10295
13548
14139
66
487
6329
12343
13041
1280
3813
5809
5810
6197
7254
7362
8459
12704
5121
6073
6162
6226
8245
1461
9338
10681
11301
12400
12858
14013
14569
5843
6615
7314
11722
4024
9274
8931
1867
2722
3383
6292
6386
6565
8491
8492
10423
11807
12434
12439
12524
13054
13136
13275
13464
13517
14153
14466
14536
14813
14820
14980
15052
15056
15137
15160
15242
15525
15623
16070
16080
16742
2011
7907
9830
15308
15507
16326
16486
16611
4945
5124
7061
8183
8624
9085
9306
9512
10586
12127
12414
13578
5922
9000
10496
12875
13101
13207
13329
14515
14914
15691
16327
2488
4217
5595
6051
6085
1057
1059
1060
1063
1070
2054
3057
3460
3845
4157
8816
10949
12298
12535
14977
1716
1776
2287
3985
4744
4745
5827
576
1785
2844
2936
4053
4205
4637
6477
8411
8730
10454
10542
10559
11764
12212
12217
12218
15517
1635
2361
3555
3635
7319
8854
10069
10576
10945
11045
11702
12012
12297
12406
13384
14246
15321
15775
16519
16552
16670
16760
16944
9931
10061
11200
12356
3955
4507
4583
4663
4800
5066
7197
1579
3878
4434
6757
8391
11275
492
4403
4404
6901
8267
15343
253
983
2607
2608
4861
5316
5832
8198
9761
10613
10792
13011
13015
13188
13539
14251
14459
6018
12022
14150
15541
16585
196
2209
2239
4265
5227
5231
6298
6622
6930
6960
8054
8316
11975
12247
12915
14229
2583
5299
5303
6143
7775
13133
13454
14364
14507
2167
4659
4907
6555
7107
7632
11625
11778
12103
14645
5695
7128
13622
9294
14644
14882
2643
3722
4765
4767
4770
4771
1674
6682
6697
7256
10831
15569
15664
15943
16036
16170
16179
16272
16284
16360
16489
16517
16534
16571
16605
16617
16629
16661
16790
16792
16839
16854
3032
834
1189
2242
2671
6094
7033
7157
8689
1176
1221
1697
2099
2131
2148
2186
2230
3048
3581
4455
4456
4475
4508
4510
4513
4612
4642
4906
4908
4909
4942
5017
5018
5317
5423
5440
5961
6567
8453
8601
8732
9865
9963
10688
10689
11937
13414
15021
15948
3065
4107
5369
9840
9860
13253
3063
4342
5662
10715
12193
12732
368
519
1458
1522
1957
3211
3554
3613
4026
4140
4269
5241
5345
5482
6232
6545
7069
7611
7745
7916
8483
9031
9054
9273
9319
9969
10408
10549
11075
11213
11311
11558
11849
11944
12014
12042
12553
12618
12817
13064
13608
14174
14211
15636
15990
16172
16816
9320
15830
16053
16230
16955
846
2309
5149
6921
7853
8707
9128
9646
11639
14221
4698
9381
16044
16952
6079
7275
9022
11274
12623
13031
13532
13862
13870
13922
14009
14260
14397
14814
14860
15188
15238
15513
15518
15540
15591
15635
15779
16063
16124
16188
16543
16568
16598
16718
16727
16884
16893
364
587
1585
5693
12544
12837
14763
15650
15730
16086
10691
5697
2545
3266
3295
4237
6224
6343
6580
8042
8357
9833
11241
11644
8353
9204
10259
10307
10339
13725
15523
416
552
1949
2779
3420
3424
3429
3893
3959
4292
4529
5013
6533
6616
6832
6857
7098
7210
7642
7773
8126
8961
10659
10867
11939
877
2371
2383
6313
7949
8576
8581
9588
10096
10698
5243
7830
7883
8737
9414
3323
2268
2435
3882
6742
8190
9543
12350
13159
3374
4377
6584
9403
10130
11674
13060
13264
13436
13973
14309
599
675
931
1058
1061
1064
1067
1069
1071
3099
3110
3267
3511
4936
8564
3259
4727
5486
5608
9191
9487
9642
11296
11308
12198
2890
2913
4416
4417
11848
3780
4019
5136
5510
8466
8602
9952
10641
11230
11309
11566
11945
12204
12578
13337
7469
9563
9584
1503
1504
1508
1511
6081
6243
6271
7791
8113
8629
8636
153
4146
5801
7608
592
2536
3325
6877
7356
8659
8886
12054
15317
4393
5853
6306
6654
6720
6721
7261
8246
8835
9558
9898
10547
11810
12262
13186
14151
14867
2508
5790
7953
9231
10073
16206
16341
3462
9779
16149
3885
7445
8314
11013
10173
11267
16877
141
3116
4527
10317
13044
14172
825
1479
3343
3786
4488
5104
8687
11880
2863
3225
3275
3280
3872
4058
5073
5079
6118
6849
697
6053
6829
7956
10355
10734
10809
11751
12172
13161
13230
13305
13396
13746
14371
14378
14405
14816
14859
14911
14956
15019
15206
15385
15477
15782
15898
16077
16387
5400
8331
8372
8999
9621
10796
10856
4627
4839
6156
5909
6332
6363
8273
11217
2015
4232
8424
10122
7283
10598
1193
1800
3102
3107
4116
4208
4209
4214
4219
5812
9188
9276
9437
11057
14513
15435
9198
15473
3566
3661
5199
6002
8364
9801
10479
10557
12092
12776
13731
14741
15087
15151
5998
6017
6563
7415
8379
10704
11125
11634
11817
12351
4555
7470
7471
570
2104
3881
3971
6953
7332
506
3415
3508
4021
5542
5864
6435
7045
8505
9018
9044
10649
10937
11334
13478
990
1527
2808
7228
7581
9206
9610
10708
11801
12744
12819
13037
13796
678
5377
3823
7079
9929
12925
13273
13497
14341
15077
15353
15774
5919
11244
15542
16160
2027
2454
6258
6624
288
472
1273
1570
1577
1651
2321
2934
3069
3212
3461
3466
3822
3859
4341
4692
5053
5057
5914
6142
6547
6759
7385
8250
8543
8579
8625
9365
9495
9565
10160
10374
10525
10761
10776
10845
11010
11070
11333
11557
11766
11941
11970
12511
13318
13588
14331
15074
15370
15550
15758
16004
16241
16345
16426
16476
16557
16881
7277
10593
1736
1799
2593
5195
5821
9389
12210
2183
2579
16201
2555
3253
3396
9166
12120
12399
12868
13310
13730
14104
14496
14861
14958
15262
15401
15479
15553
15887
15901
15970
16525
16671
16676
16692
16894
1506
1756
4917
4918
4919
6119
6409
6712
8509
10079
529
1087
2127
6787
8135
9809
11865
14355
1926
3820
4431
4734
13833
2661
9375
13735
15607
16368
5687
5725
5760
7542
8749
13334
803
1679
1734
2023
2119
2477
2866
3279
3513
3633
3934
4066
4317
4418
4428
4439
4443
4447
4874
4940
4974
5077
5236
5390
6090
6348
6502
6525
7610
7660
8079
8286
8470
8525
8558
8693
8694
9129
9150
9366
9707
10062
10082
10226
10242
10655
10994
11012
11206
11495
11635
12045
12323
12650
13529
14002
15204
15319
589
1217
3825
5663
6198
8623
9942
11999
12269
13342
14298
16246
1592
3127
3909
4514
4526
4962
6154
7596
8242
8856
10286
11056
12165
12687
12956
14821
14869
15421
15799
16356
292
322
323
869
1319
1853
2499
3402
4023
5683
9581
11614
12304
14810
14886
14889
14906
14929
1672
2543
2861
3369
4244
5115
6019
6022
6023
6710
7694
7845
7846
7848
1733
4625
5804
14234
15117
15487
7805
3013
3761
8691
8695
4340
9068
12274
2291
2512
2714
2716
2807
2911
3500
4043
4227
5172
5511
5512
5520
5738
5742
191
388
1092
1093
1411
2413
2971
3379
3925
6203
6361
10824
2177
4480
4784
5870
2591
2903
4501
9098
9126
9525
11106
1854
3517
9196
11324
12136
13276
13988
2602
8559
8562
9252
11152
12759
14329
1718
2969
3239
3707
4591
6595
7180
12423
13266
13590
71
2736
2977
13567
15604
16334
16603
547
2648
2676
2946
2994
3469
3969
4061
4561
4624
4645
5713
5861
5936
6056
6356
6402
6562
7066
7287
7849
9120
9149
9402
9426
9629
9812
10483
10677
11346
12365
12986
15492
15080
16145
16283
16423
14398
16055
943
1798
1849
4267
4905
5568
7143
11184
12966
13737
14249
15125
10695
11511
554
694
827
829
842
958
980
1812
3290
4753
5521
5737
5795
5841
6222
7176
7238
7239
7240
7241
7242
7243
7311
7665
7912
8097
8493
8777
8921
10060
10239
10417
10988
11299
11965
12044
13421
920
14374
14719
2927
4156
4184
4525
2143
2917
3615
3867
4617
4699
5067
5980
8359
8825
13598
9555
13617
13906
2333
2915
3936
3947
904
2412
2645
7509
9749
6463
8528
10068
11176
14051
14406
14761
16133
9183
13960
13980
15072
3146
4371
4730
5920
13197
14192
16693
662
2254
3044
4863
5449
6013
6015
7082
8315
8842
9590
10034
10137
10462
10973
11060
11353
12186
12534
12905
13433
13479
1289
13465
15264
16612
1934
3277
3655
5253
2962
3649
5983
6646
8774
8796
9232
12890
12934
13513
14004
14069
15301
16210
13969
16144
1614
6124
6133
6141
6144
8066
8866
8444
1082
6069
9717
11047
11759
5973
8084
8918
9910
10135
10992
11066
11073
11347
11867
11871
14170
14424
1120
1868
2677
4817
5235
6135
7697
8182
9799
10245
11687
12781
12898
12941
13328
13557
14890
1907
9742
9748
3172
4092
4623
5414
5696
6235
6476
6543
6610
7389
7921
8218
9267
11657
13229
15688
458
2573
2624
3197
3997
4853
4941
5434
5965
103
1366
3663
5401
5593
8086
8175
9340
10190
4720
193
195
219
297
298
347
351
358
916
1373
1471
1473
2004
2279
2655
2730
2976
3237
3546
3600
3632
3653
3697
3700
3774
3876
3976
4029
4900
5656
5779
5807
5808
5817
5940
6031
6032
6648
7781
8165
8340
9299
2006
3306
4063
6836
9311
9911
2845
8233
242
535
1440
3749
3762
4478
6638
6873
7297
7541
7623
7895
8983
12672
716
3578
3589
4056
4640
4657
7116
7144
7148
10318
11643
12037
8142
8671
10010
887
1793
7563
10595
10972
6383
10654
12409
13350
631
1872
2169
2912
3047
3590
4228
7677
7794
8971
9815
10445
10767
13126
13525
6362
4090
9391
13068
14602
8443
2692
2693
2701
6464
7654
7693
8007
8904
9271
12032
12087
13569
16684
114
963
4127
5078
6604
6668
2860
2990
3610
4013
795
14291
14570
2249
1298
11279
11280
14969
496
5685
7047
9412
10360
12442
13325
14408
15379
200
4195
7780
11968
11994
12388
12879
13155
13174
13371
15356
15646
1598
1686
1991
3155
3192
3880
4926
4960
7770
8010
8172
8963
9083
11535
12230
12579
12705
13313
13941
13997
14012
14785
14919
15592
16030
16258
16286
16572
16756
2897
5776
6735
6828
13564
16072
3151
7121
9987
10321
10710
10993
1749
1781
2429
2548
6181
6821
9463
11371
12420
12470
12521
12829
2210
2217
2218
2238
2244
3215
5580
7041
7804
7818
7820
8210
9310
9847
10095
10436
11647
13538
13929
15259
15996
2041
5391
7012
8325
8757
9304
7892
9837
3717
9675
10331
10336
11669
12495
12496
12503
12661
12859
14710
16953
2618
5984
6965
7264
3861
4806
6234
6992
9364
11899
2963
6631
7992
11297
15724
8317
14391
15078
15418
2577
7991
8221
11822
12601
12816
12927
12952
14215
14960
14991
15202
15511
15729
15844
15945
16216
16594
1121
3499
3743
4098
4928
4949
7522
7666
8725
11826
11908
12145
12336
13165
13744
14074
14075
14542
14639
15414
16074
16354
455
7183
10581
10904
13048
13360
15527
81
3854
8438
8465
8855
9241
10467
10533
12411
12421
12688
12717
13504
14146
14295
14506
15034
15823
16007
1080
1266
1979
2997
5736
6129
8347
8401
8627
9172
9242
9479
9504
9594
10788
11038
11257
11611
11671
12030
12647
12891
12921
13575
6723
6846
8552
8638
8640
10925
13984
1095
1235
2889
8109
4895
6333
8369
9178
9909
11195
11903
12374
12823
13645
13792
15115
15261
15514
16211
16966
5586
12086
5974
14411
14442
14850
2408
4311
7940
9174
9175
10503
1576
5184
5418
8263
8908
9715
683
2058
2675
5604
6776
4210
13403
14514
1279
6812
6830
9836
12900
13435
13518
13803
14360
14428
14474
14592
15014
16102
16289
16686
16702
543
5047
6859
8720
9058
9091
13815
14735
2538
3159
6284
7234
8809
10107
10116
10805
11840
13931
326
2598
2827
2952
2974
3568
3622
3623
3624
3751
3863
4312
5192
8015
8882
7998
13552
1422
2672
6946
8047
7876
11090
237
314
3173
3289
5569
6293
10227
11114
11594
12116
12697
7722
10532
12194
1939
7088
9724
2359
783
894
923
924
3765
3851
4396
4468
4494
5167
5353
5846
6995
7009
7462
8029
8305
8335
8345
8382
8417
8461
8476
9097
9380
9483
9501
9615
9679
9786
9924
9992
10015
10092
10267
10314
10475
10667
12327
12926
13971
14235
14375
14414
14601
14795
15129
15536
15744
16337
16491
808
4429
4559
5678
7976
8808
10078
13370
14675
16885
6887
6982
8874
9585
9817
10372
10673
10674
10700
10787
11813
13065
13829
14902
15893
9506
10164
2108
5305
2905
3694
9518
714
3255
5247
5307
6398
8650
9494
11655
12214
12648
2273
2603
2960
5123
5362
5997
7679
7828
10278
10917
10970
12236
14166
14439
14533
349
810
1099
3073
3282
3509
4844
7816
9638
10074
11500
12473
350
8860
10028
10136
10257
12169
12231
12370
14086
15988
6462
15936
5796
7448
7974
8829
9008
3246
3916
7945
9005
10075
11093
13003
12020
12021
12131
12568
1051
3491
3493
1644
1945
7556
989
1341
4120
5556
5747
5794
7232
9104
11039
3201
8565
891
964
1354
1360
2899
3224
4154
4536
4704
5292
5318
5422
6590
7217
1731
9116
9534
14976
16262
1752
3664
7927
8819
9536
6779
7364
9216
11990
1760
2695
3055
5020
7852
8367
8429
2959
10501
5328
6684
8526
8534
9767
9769
1363
5311
5532
9919
8926
9452
12036
12824
3209
3503
8529
8838
9173
10375
10821
11763
14124
14213
15098
15212
15213
15230
16363
16576
16628
16747
4597
5368
8189
4884
9850
9488
10090
12820
2432
9782
11488
13849
14077
10142
2129
10976
12303
12808
12849
12911
13741
14426
11861
3341
3766
5049
7269
13166
13243
798
2894
5739
5792
5993
9959
10946
11022
11023
9659
10418
10463
10480
10769
11738
12316
12322
12631
6060
12211
12215
1792
7732
9377
2910
3518
6395
6518
9101
9102
11219
11581
7986
756
892
3718
4300
6382
6707
7214
7453
7709
8972
9382
9390
10932
13489
432
10146
10193
13153
16639
16802
2957
3397
3957
12706
15341
1143
2864
4003
7856
8333
10617
11724
13560
14880
15201
5710
16100
566
5268
6744
9956
9958
2590
3230
14915
15012
3937
102
1352
2303
3268
3425
3887
4463
6608
9550
10284
10297
12748
13807
14974
16415
2633
3523
3525
3228
4362
4700
5347
5613
7199
7797
7869
8578
9212
491
2139
2630
4615
5329
5657
5661
5664
6047
8700
15254
16717
11553
12009
621
1851
3206
3958
4711
5928
7171
8122
10285
10721
11157
2559
4093
5427
6074
6492
10592
13167
13202
6
1553
1870
4758
6134
7002
9140
9458
10011
13181
14238
16247
16527
16786
2132
2192
3476
4097
4304
6163
7236
7970
8398
10929
11335
12950
13242
13393
14057
14188
14237
14239
14277
14321
14685
15133
15167
15279
15342
15373
15498
15534
15608
15728
15879
16023
16047
16323
16412
16484
16504
16604
16765
16859
16871
16873
16880
16892
1920
2482
2735
2818
3407
4438
6801
7205
7323
8156
8393
8449
8536
9936
14388
14417
9354
10498
11366
145
177
181
306
508
873
886
1443
1869
1992
2101
2257
2504
4172
4382
5196
5533
5975
5976
9360
10596
10653
11139
11609
851
1523
1581
4141
4487
4505
6336
7131
14270
15476
138
2349
3901
4723
5464
5477
6137
6145
6358
7575
8475
8709
9333
9335
9515
9609
9691
9846
10268
10324
10534
11318
11361
11545
11844
11955
12093
12540
13349
3006
3119
9583
11143
12402
365
6078
9669
11355
11607
12243
12889
12980
13083
14033
14263
14302
14310
14534
14652
14750
14755
15091
15239
15346
15347
15397
15478
15610
15611
15613
15777
15889
16135
16197
867
5918
7837
8586
8600
15953
8771
9383
9521
9532
9892
7065
7316
8270
10743
11096
11597
13251
13559
14824
14888
15082
15209
7514
7618
10258
12576
12609
12678
12700
12871
2205
6795
9984
10243
13074
13312
14817
16728
454
2925
3004
9778
10207
11354
11651
11705
11845
12051
12483
12710
13178
13483
13544
13743
14110
14438
14460
14516
14598
14628
14653
15068
15652
15696
16778
4894
5735
275
707
757
1530
1531
1536
1549
1554
1567
1573
1575
1578
1583
1587
1589
1593
1597
1600
1603
1607
1609
1612
1618
1621
1628
1633
1638
1641
1642
1649
1652
1653
1656
1659
1663
1667
1670
1678
1682
1692
1695
1696
1701
1703
12088
2047
4190
10281
10850
429
548
577
6817
6872
973
4904
5026
7792
8370
255
4062
8065
10024
11092
2163
3594
3618
7926
13621
14594
14922
15360
3507
6445
6861
7064
7190
7589
10405
10478
11875
11911
12079
12674
12873
13129
14830
15579
11756
325
2530
4706
4707
6750
8556
9308
12614
14219
14242
14334
3109
6296
5038
11676
6057
8500
9741
12918
1241
3046
3588
8380
9861
9863
12041
10623
12089
12355
6981
14308
14478
14517
14617
14781
14855
14923
15099
15327
15334
15462
15544
1902
3605
4679
13806
4103
8622
9804
1055
9176
10352
10476
10005
13127
5929
1343
1349
1351
1362
6936
987
2154
9225
9938
11490
6714
8652
8706
8891
9339
9359
9666
9708
10457
10960
11520
11591
11658
12299
13343
6876
10882
311
2703
3805
5246
5435
5498
6117
6180
8284
8285
8571
8794
8798
8802
8803
8804
9156
9217
9975
10248
10587
10755
10806
11373
11509
11777
11943
11949
452
594
1269
1858
2423
3269
3906
4084
4125
4879
5085
5708
5951
8053
8474
9279
10064
10169
10228
10393
10849
10942
1505
6705
6970
9770
12622
14130
14133
14225
15291
15962
16751
16950
5068
6440
6465
6910
11052
13790
774
6460
305
1320
1797
2016
2492
3182
3798
3806
4238
4271
4272
4825
5300
5436
7250
8214
8287
9077
9476
9674
9694
9944
10133
10188
10205
10785
10804
10963
10997
11071
12719
12756
12864
12965
13021
13558
13909
13917
14084
14269
14286
14480
14499
14503
14654
14678
14801
14827
14828
14864
14892
15043
15120
15272
15275
15277
15298
15417
15447
15519
15563
15582
15616
15706
15717
15816
15940
15994
16003
16042
16094
16112
16189
3437
5927
15850
16724
2259
2810
160
4481
4549
4794
5358
5394
5860
7599
8288
8572
9160
11078
11166
14458
15488
5396
14072
14137
14457
1218
1892
2401
5869
6100
7104
7388
9014
9219
9246
14467
2580
7689
16277
16347
16372
16411
16589
16597
16764
16887
16908
374
375
376
1260
1274
1276
1284
1413
1420
1426
1427
1431
1433
1436
1437
1438
2052
2095
2372
2950
3014
6183
6202
7338
7343
7433
460
1228
3320
4394
4913
5186
5655
8219
9185
9197
9278
9573
9577
10220
10668
10968
10985
11220
11523
1959
6064
7815
8469
11359
12180
12962
817
1133
2307
3010
3576
5947
7844
9492
11489
12701
15627
15880
4803
8144
9762
9823
4796
6352
8763
4571
5242
5517
9491
10682
11031
11035
11732
11829
11886
12091
12363
12645
12734
12795
12806
13480
14109
14484
15035
15381
15533
15651
15932
8495
9393
12283
5155
8140
10497
15407
15704
15795
16540
2537
7138
7487
4523
5699
8155
9277
9816
13102
3607
3744
4476
5086
5644
6268
9070
9262
9263
10007
10858
11254
7276
7712
7884
9411
9477
10521
11616
12245
12315
12547
12639
13137
15260
16479
261
4578
7162
9367
575
3054
3452
7351
8649
9645
10237
10702
11377
12005
12273
13339
14025
14493
14554
14760
14928
14941
15426
15494
15629
15750
16027
16051
16220
573
5653
5778
5840
6006
6176
8810
10658
10694
10800
10807
10838
11062
11248
11673
11868
11869
11870
12412
12624
13122
13123
1515
1981
7394
10384
3322
8431
10852
4037
6986
12184
13039
8827
6467
12349
16148
16673
16797
865
6900
14743
16067
1846
1294
1297
1314
5438
5478
8327
544
898
3541
6942
8780
9995
10310
10312
11993
214
315
8192
8939
9976
14377
9520
13487
1509
7951
8573
9735
10236
10399
10438
10471
10551
10640
10656
10661
10816
10914
11086
11089
11172
11193
11605
11779
11782
11912
12031
12403
12528
12692
12914
13307
13330
13417
13516
13641
13847
14212
14430
14432
14546
14721
14728
14897
14898
14904
14955
14978
15155
15713
15769
16485
16825
8412
8413
8768
9314
14195
14210
14819
15733
2083
3652
4712
6860
7766
10892
12972
14624
4680
8271
11832
11881
12872
14522
14553
15217
2514
6583
6839
8672
12821
13340
15375
16380
2932
3398
3400
3401
3403
3405
3406
4859
4335
5399
6896
8365
8514
9538
11026
11033
11049
11088
12567
13582
1914
4544
7366
9249
9822
10253
10343
10528
10597
11123
11587
11882
12003
12027
12951
12993
14587
15046
15510
16017
720
2929
9118
10108
15406
15972
15189
16110
5290
16311
4975
6278
6452
6539
6886
12539
2854
3910
4628
9784
10030
10684
11312
12850
14434
14831
15038
2638
5160
10279
12300
12769
2274
7038
7263
7429
9710
2641
2938
5762
9011
9834
10014
10900
3917
7620
8663
9825
10890
12629
12770
13213
14026
14027
16049
1101
3140
8738
9450
10446
11116
11560
11866
11872
11874
11876
7757
12249
15631
179
371
766
1882
3179
4568
4717
4967
5863
11556
13019
3103
3105
3111
3112
16350
16544
16551
16663
8932
12892
13455
343
2021
3038
3137
3350
4279
4846
6062
6245
6249
6250
6251
6252
6380
9201
11085
3871
4493
4495
6740
14326
5069
7108
9791
12053
2651
7152
7850
7851
7906
248
462
900
947
1488
8869
10261
10645
12364
12718
5213
6483
337
410
411
412
413
414
415
8567
9239
7762
12389
12780
464
4160
7691
10072
10113
10201
7375
14118
14385
2629
6159
8301
11940
15276
15641
16056
16057
16060
215
1953
2301
2843
5043
5174
5334
5547
7609
7659
8472
8523
9401
9572
15486
15662
16648
4320
1205
4732
4981
7576
9121
975
8561
8899
10006
10021
11174
12143
12144
15961
4088
4275
5173
6190
6193
7191
7690
5428
9620
11151
12675
12731
13985
14178
14401
14402
14429
14440
14698
14752
14768
14802
14805
14847
14981
15061
15126
3809
8193
8332
8821
9429
9891
10611
363
974
4290
8147
3417
2544
3017
3676
5740
6345
6527
6894
7011
7165
10572
11693
11971
15285
11554
12862
12977
4203
7881
8643
8645
8813
2088
10138
3949
6727
10836
8321
6392
7713
11505
13306
10642
14842
3870
5536
6139
9071
13413
14686
7761
14290
15628
2247
4126
5672
9087
10548
1445
5226
6397
8002
8895
1450
1789
6388
6439
7695
7932
9798
11715
16916
1029
7863
14572
16473
16811
2363
11079
11306
12438
15350
3888
5862
7455
7518
8557
10954
11852
8407
2079
2387
2524
3203
4644
5234
6813
8682
1489
4701
6891
8448
7639
8031
8139
9852
4051
7436
7742
7875
8957
9247
9775
9915
10017
2527
2581
6734
10770
1916
2344
2855
2862
3030
3563
4897
7559
9096
10752
11973
2600
8766
9932
11180
11225
11981
12605
12633
12750
12983
13447
13584
13930
13974
14183
14318
14470
15791
3837
5157
6719
6865
6998
8304
9356
9599
9922
10149
10235
10571
11177
11364
11498
11539
11934
12106
5342
12196
5065
5296
8547
8758
8772
4601
7173
7344
7652
9703
9848
9945
10742
13503
8322
9405
11628
15045
1325
2278
6140
7862
8447
10803
5041
5939
6606
7671
12075
14961
3395
3577
4656
5746
5748
7459
959
11487
9970
12771
15904
3915
6688
6864
7803
9255
9260
9053
7089
2234
11204
14748
2406
7525
10026
10027
16122
5404
6410
7767
13642
13824
14266
15001
16579
7235
194
437
872
4054
4132
4830
5269
5306
5551
7282
8520
9237
10865
13056
9297
1485
1879
3571
2564
2567
8070
11847
5555
14797
5409
6408
7913
6443
11972
9738
7457
10851
13821
14209
16759
2157
3074
3249
7923
8405
5151
7860
8951
10400
13959
3902
5210
5500
7899
8905
2490
3628
4760
5924
9428
10084
11130
12519
13096
15332
2316
2933
4319
4573
11015
157
541
2185
3519
4741
4963
5545
6182
6763
6853
7037
7220
7984
8021
8035
8037
8039
8043
8044
8045
8046
8048
8055
8056
8057
9016
10058
11215
12533
12593
12793
14314
15148
3066
3162
1935
5931
7594
10189
10246
11531
12597
12870
13424
13574
840
2460
4978
5143
5933
12981
15283
2142
3454
4857
9072
11708
13404
10174
804
4096
7882
8129
8585
9154
8844
13842
4864
4969
7749
8215
8959
10025
11185
11233
3574
1315
9213
5529
5775
1083
11547
13257
13986
15551
15719
1938
7920
10912
10703
11221
12822
478
897
1466
2614
4349
6011
6485
6745
7698
7807
10385
10461
10879
11771
11942
3449
5042
9869
11637
14204
1214
6593
6852
9722
10749
11952
12285
1451
5222
8338
12809
4115
4923
6676
9265
11259
14338
14584
5871
8553
3847
14634
779
1237
2683
2685
5405
9266
12583
6236
9181
9519
9877
12340
2354
3375
5089
8736
9838
10908
12489
14155
14495
14525
14739
15287
9894
15980
695
7888
8291
3286
7771
539
5490
8307
9800
10406
12784
13835
13855
14403
15851
16339
10063
15675
2871
3283
3841
6376
6536
7195
8258
8279
8328
12238
1795
5972
8261
10147
10366
11210
9270
9562
7070
8560
8872
14060
15025
15580
16886
1887
2576
5459
6546
7530
8358
8892
9023
9095
9099
11508
12450
4366
10853
14966
16088
299
5771
7673
8435
11242
13397
16432
11112
11735
1966
5286
14015
1323
2151
2266
2939
2989
3002
3219
3248
3300
3301
3791
5777
6708
7252
7373
7396
7705
7741
8008
8205
8311
9094
10802
2751
3740
5219
5220
14273
1054
6260
6703
14258
3208
6055
6121
10429
12949
2138
2160
2172
2554
3157
3940
5277
6184
10915
16168
2999
6605
9292
7368
7952
10442
7802
8764
9885
13171
13808
1952
8940
10224
2726
6596
9526
4452
12185
12353
12742
13368
14129
14527
14924
7963
5495
5171
13201
13372
4128
9179
12058
15053
7621
8642
12832
16399
16660
7821
8877
9763
600
12141
13457
15121
16233
10687
10771
11517
12677
6010
6691
6699
8807
9202
9556
9622
9943
1912
1968
2438
5022
5076
11691
12129
14161
14196
13866
14066
14200
14908
14926
16460
16967
8389
6893
11730
4524
12834
14083
16688
7535
9514
9795
11712
12013
13073
13175
13585
14114
14293
3451
3098
2522
14284
14697
7512
8933
9328
12294
12839
14093
3337
4621
6270
7293
7294
7729
9566
12250
13022
144
6089
3150
6468
9010
5046
10168
15040
336
12696
12738
2665
6575
13611
14596
14714
14994
15013
15292
15497
16075
7889
16153
15602
14965
7543
9040
9544
9687
10671
11074
11239
11818
12170
12561
14103
14107
14936
15311
15396
15475
15509
1447
8849
11124
5609
12617
16874
11234
11599
4570
8249
8506
9484
9567
9570
367
419
473
498
736
901
1337
1850
1990
2089
3479
3994
4373
4466
4890
5867
6132
6150
6185
6291
6579
6954
6974
7390
8948
9323
9326
9537
12052
6914
9283
10906
11678
12108
13928
10460
11603
12369
13336
3423
8597
10562
10793
14588
15935
16394
3477
10886
8342
13948
424
456
2601
4182
5131
5293
6918
7059
7593
7688
8306
9248
9250
10487
12078
12177
12292
12529
12975
13420
13613
14468
14481
14537
14866
15051
15136
15562
15570
15596
15666
15687
15701
15721
15771
15806
15859
16243
16407
16516
16596
16674
16705
16834
16848
602
7202
7363
7387
8005
8087
3243
13618
2557
3298
7140
3954
10356
1098
2928
3986
4087
5458
8238
9362
9606
9607
10003
12777
12778
13800
3974
12081
1982
3933
11799
2140
4635
11833
15654
15849
16364
5942
6375
7376
8893
14759
11863
16561
16951
15558
15796
2713
3131
2319
2322
7097
3152
3612
4818
4835
4836
7016
7017
7055
7454
8143
9002
10202
10203
13486
13880
9787
11330
11684
13848
14343
15415
4595
5051
5611
7637
8950
10290
10424
12166
12501
12954
13006
13183
13335
13623
14541
14711
14930
15182
15489
15643
15864
16514
16932
10552
12863
14822
16191
3335
12812
12813
12814
3174
4006
5783
8542
1154
3843
4129
5583
11192
12072
13579
10131
12183
15411
16054
16227
16257
16470
16720
16774
4954
13535
14612
11839
12398
12538
12654
12683
14322
14350
14419
15130
5190
8785
2003
5682
8197
8501
12160
186
187
431
1339
2610
3501
4387
4751
5610
5674
6945
7292
8229
9089
9950
10569
11901
15004
16234
16536
2036
2688
2817
4236
5564
5770
6318
10428
11931
9736
14167
8378
14003
13724
13895
4467
4537
7699
10277
5874
9169
2262
13550
2043
10219
6841
7649
9872
13822
14723
7675
9223
13223
13252
8422
2880
6126
8482
12698
6963
7480
10527
14957
1463
4372
4375
6831
7203
7549
3483
11287
1171
8106
9208
4433
5932
11932
12707
3586
4105
6870
8023
8185
8631
8633
8637
8958
9656
9880
9881
9920
11292
7305
14203
1943
3458
4921
11284
12428
6842
11680
12321
12329
4972
8989
2493
5476
5539
3020
12565
16267
16505
16738
4270
16852
6500
10799
13206
14529
6339
8788
946
5378
5704
5995
5996
6093
6276
9729
9802
12827
14157
13738
2652
5833
6108
6194
8339
8660
8743
10967
10980
127
2587
4049
9545
10254
10291
11000
13112
13300
14661
10819
12475
12825
344
8011
722
759
2090
2833
3028
3296
3338
4192
4596
5383
7877
8105
9189
11579
11604
12815
3945
8351
9064
10664
11486
15304
10778
15359
15572
7324
13627
312
10143
12866
14540
8897
3819
11005
2174
9632
9862
9923
10969
11021
14038
4289
4705
4718
6286
6929
7340
2241
6335
2754
3093
6288
7265
7418
12852
4971
6320
6823
7646
10566
12071
4848
7118
7546
10044
2649
6454
2812
3432
9781
555
126
3114
6438
2081
3776
1281
6725
7188
8532
9146
12234
15909
7527
7865
11600
1513
1514
5145
7383
9906
11362
1775
1452
8954
9127
5954
7137
7959
9168
11916
11946
8256
164
165
168
295
1257
8170
13347
13905
14394
15683
362
12006
7950
8696
10076
13116
3168
5751
7544
10223
11709
11619
11938
12310
12613
6166
2267
2373
7569
6928
11704
940
10940
11223
12963
327
1725
2755
2756
2831
5982
5908
5289
6444
6451
8966
9873
14145
1220
10455
14884
2422
2474
15105
14778
13450
13451
2528
5119
5763
7021
12268
14885
14964
8320
4814
6621
8130
9961
11683
15131
13826
15998
16209
16823
16897
16909
11087
12958
6701
7196
8906
15009
2050
2442
2444
2484
2924
3235
3701
4064
5671
5816
5837
1287
7626
5257
5393
6026
7728
13067
4500
4749
4754
6040
7221
12252
7281
11332
13834
14738
8168
14559
15195
15834
15877
15975
16481
16563
4539
16795
1169
2395
2396
3548
3558
4683
5946
6618
7201
7736
7795
8979
9718
9723
9728
9731
9732
9733
9737
9739
9745
9746
9747
9755
9756
5382
9505
10868
7831
8912
9315
2857
6244
8518
11007
7360
7723
8477
10866
9275
10685
1961
10516
13434
6072
8179
9021
9471
10931
12083
12711
13331
14753
4419
12909
13601
2161
3534
7132
8019
8427
10208
10323
11167
11745
11770
11891
11929
11977
12033
12142
14197
14811
14812
15050
15581
15678
15705
15746
15942
16496
16704
16820
16888
699
3807
4517
5238
5279
9811
10105
2180
3750
3328
8099
11507
13551
13629
13954
14271
14483
14567
14876
14999
15246
15483
15966
16488
16590
10088
10334
13212
15241
674
2277
2385
5645
8171
10070
12098
12582
12971
13290
13536
14233
15474
3384
6155
7027
10299
12452
12596
12708
13537
14032
14160
14369
14370
14423
14744
14840
15181
15493
15612
15620
15989
16026
16059
16061
16175
16221
16270
16600
16689
2503
2595
3938
4736
8251
9803
16109
16224
8222
4598
8234
4948
7934
8013
8688
13399
2906
2907
4039
11841
8533
4315
8308
2116
3144
3200
4558
6328
9086
12594
13500
13527
13625
14055
14473
14622
15376
15992
16005
16082
16443
16539
16553
16554
16574
16690
16911
5577
6685
6758
10414
14363
6897
9258
9352
12277
7185
9190
9783
11155
12796
13381
13408
13456
15178
4183
4186
4600
5415
7901
8247
9602
231
4565
6473
4401
5230
9115
6207
2327
7086
8081
8487
10140
11626
11727
15496
15757
15770
16482
7068
10054
10808
12982
12996
13981
14582
14815
14901
15022
15318
15747
15748
2033
12499
6937
7008
9135
9989
9990
5785
467
669
2071
3087
3884
4274
5706
6009
7381
7664
7966
8000
9048
9107
10635
12584
15444
16137
16183
16406
16683
1166
3123
9187
9668
10371
11154
12828
13075
13366
13377
16602
7704
13881
1155
3669
10260
12068
3270
8944
16462
819
2136
6046
7928
9470
9595
5743
5745
10538
12393
12772
2260
4162
4631
16815
588
6246
6652
8176
11570
13387
13962
15249
8583
8857
9916
10449
7529
13338
13355
945
7692
7854
7861
2704
12746
6888
5141
7127
8195
3874
5466
6729
11816
12372
16781
723
6122
8589
12063
2173
16002
10362
6597
7494
7497
10139
10847
7842
9141
1845
7327
9347
9930
3913
9344
9346
2125
8149
5146
10602
13896
2584
8744
3530
3927
4278
6263
6272
7919
8384
8599
234
3521
5275
9379
12130
15567
16431
16818
1512
2426
2982
9076
11964
5505
6814
8942
12253
12566
12882
12939
13950
15445
16389
16463
2213
16680
3049
13961
10873
11565
15049
12636
12747
13203
13760
14198
14472
14599
15224
15429
15601
15617
16298
16307
16573
16577
3356
3831
6217
7420
8563
11996
12659
799
3667
9806
5371
6634
7099
8915
10692
2037
2039
7081
7160
8784
10161
10772
6556
8283
9511
9686
9709
11061
11187
13249
12651
333
915
2010
8373
1075
5789
10381
2181
3583
6378
8843
8973
9296
13533
11018
203
1470
16213
4333
4870
8647
7782
9596
10172
14838
7393
11668
12589
13474
11834
9451
9634
272
1998
6007
12856
13295
9245
5214
8428
8977
14301
14843
15312
15734
2271
2275
2276
4543
6299
13049
2839
6855
10477
12799
16912
986
7129
10390
10535
13543
8974
8978
1895
6008
9658
13524
15974
16222
768
7472
12592
12984
13069
11178
11621
1771
7750
16217
16244
7983
2073
2510
8936
2667
9685
13192
14339
10157
10823
6160
11958
12757
7100
8900
10378
12073
15305
9904
14421
7827
5667
6165
5850
8220
13604
14558
14680
835
3390
3742
5581
5866
6052
7634
8235
8387
9148
10229
10818
10835
11307
5502
7400
7597
13901
14059
9318
9522
10038
10625
12326
10707
2513
10903
10953
12135
13925
11128
11989
16113
7505
12753
981
11752
11754
11760
2458
3868
8517
11843
12857
12361
1738
2733
11522
11983
12630
12026
14538
16698
7268
4353
9184
10666
7710
14461
15002
15335
15461
16033
13156
15555
1972
2188
3285
10080
11168
16655
7204
7442
7988
3124
5483
7224
8146
8699
9251
9316
10335
11572
11821
11831
12371
12545
12703
12908
12912
12959
13018
13234
13445
13519
13603
14361
14381
14444
14530
14932
15281
15460
384
387
5323
11749
10732
16091
16196
4152
13040
7046
15482
8883
10764
12226
14477
14485
14993
10490
12267
12995
13734
15234
5144
5990
11725
2811
6504
7391
9331
15971
16542
4815
12740
14970
4008
2502
11884
12967
6044
9295
5791
6028
6636
10144
6223
7874
7063
8920
5640
13303
14185
14694
16130
16355
4355
5244
7819
11617
13315
13761
15219
8724
2574
4608
11814
9485
10151
14091
1804
6678
6687
6696
6790
7686
10458
10826
10956
11042
11710
12328
12595
12973
12988
12999
14070
14358
15524
16021
16123
3355
3378
3620
4930
5229
5237
5285
5361
5571
5689
6450
6550
6557
6632
6716
6815
6883
6884
6885
6892
6903
6923
8970
4041
5865
8840
10427
10435
11051
11304
11569
4337
14016
9057
11113
13526
15303
15520
4178
4233
5445
5462
8293
9145
12050
5137
6878
7091
9960
739
1153
1905
3650
3816
6308
6845
7024
7744
7930
9108
9619
9657
1216
2424
8276
7083
11016
13729
8059
15172
15469
16677
16856
9370
11638
3889
14413
14416
14427
14433
14562
14564
14568
14616
14747
14803
15146
15232
4813
4920
13119
6228
8644
345
4057
4893
6082
7123
7435
7873
8455
9971
10817
12649
12723
12766
16477
16537
10537
3549
7345
11608
14893
15763
16020
1705
8739
9435
9651
9805
11065
4502
8082
8686
9948
11228
11563
10050
3911
6039
6866
7964
10298
11601
11857
11858
14727
15138
13032
8018
12246
14021
14304
14690
15290
16608
16649
16675
11068
12968
5523
7151
12549
14220
15280
9259
5386
12280
2269
3732
516
9574
12851
16237
16652
16662
16701
16769
16770
16821
16891
13297
9680
10056
2613
3946
10175
10177
10178
10311
537
1921
5365
8480
9527
10456
11077
12729
12788
6267
6337
6898
7105
9560
12060
16235
16430
16801
2187
10053
15161
16570
2255
9336
6984
14023
3318
6594
10453
16395
613
11632
12485
12741
14265
15265
8845
9643
12488
14832
1052
13462
14762
14853
16715
16735
16832
16841
16913
6574
6576
10763
12254
10103
6748
3376
4176
5096
536
2761
13580
13362
13440
10951
12065
14707
500
3772
12102
6070
6743
11744
10580
12147
764
4569
653
5727
2834
9287
9688
15427
15529
15568
16535
1728
5537
5540
10263
11733
1481
1989
5080
5083
5187
5212
5649
6756
9027
11017
8914
8984
11350
15845
2945
12140
14232
10878
5314
4042
11227
12913
16157
16275
2804
3720
7378
1222
3587
5455
3788
3789
4564
6391
3474
13837
9913
15143
1158
1163
2031
7948
8752
9122
370
3918
6120
7777
8111
9092
9449
12163
11336
9244
8313
5597
8341
5938
10093
11561
10961
14772
11190
3685
233
748
1786
5698
7452
5759
9455
5786
4385
13164
8515
4619
3370
12773
9069
331
13449
14833
1302
9003
11540
13589
13989
14933
15128
15269
15366
16302
372
3540
7325
7601
11024
16726
16734
3875
4756
6274
4424
9152
269
4074
9447
10827
12138
14671
14903
15069
14825
9050
4410
8208
11679
13173
13237
13375
14241
16767
16921
2481
3815
3856
6881
8655
12667
10989
11173
13520
14344
16332
6455
9052
9226
12515
13867
14096
14243
14296
15835
6517
16324
11746
15024
10129
12472
13004
13294
14020
14029
7299
5364
11044
13367
16138
8137
11526
11559
3792
3824
4111
4215
4216
4218
4221
4276
5340
5519
5650
5652
5703
5915
5986
8662
10630
11136
11789
13902
6024
10881
12446
16376
15371
2483
8828
11063
12497
14162
4336
11263
15365
11165
11653
12745
12860
5154
14001
8239
15735
16146
7427
8403
9074
13184
15766
13027
13943
16073
3793
9177
228
782
6943
12542
15873
6239
13132
13232
10751
2551
10132
14101
12275
11590
14435
15546
8352
5825
8240
9792
11319
12192
5074
10166
14756
15039
15399
15564
15685
15797
16370
2961
12097
8402
10209
11181
11365
3725
2937
9329
13163
184
5468
13499
9384
2879
6369
6614
10222
12541
9285
4241
8107
5159
210
7503
4901
7764
9182
11101
11102
11103
11104
11339
11878
13158
15424
15960
9350
9438
16860
15295
10871
7161
7341
8919
9440
10330
14796
2248
6507
6552
2014
6509
15062
8841
7026
1105
3539
3995
5084
7245
7910
8751
10567
12964
13293
12397
3965
14281
15008
13858
13947
16150
15725
16591
16835
4876
12278
13135
14693
14746
16108
10933
12638
14452
15220
4688
11690
15919
7653
11501
9993
10820
6016
9170
16507
5452
5838
8204
10863
11272
12408
13146
13816
16632
7717
7903
7911
8025
8101
8187
9996
11854
967
13506
558
2455
11081
13957
14126
9139
13160
16131
16203
11662
9807
11615
8820
3993
9535
12663
1510
12598
10675
3317
2197
6656
4028
6987
2332
590
591
5800
6425
8295
9502
9896
12938
15848
8395
11372
4044
2487
3371
3908
3956
4224
4472
7885
8096
8145
8661
1923
1954
1963
11153
7668
11791
11792
12118
6760
15076
3035
5359
10048
12640
6225
4365
13509
15442
15559
15560
16312
16313
15718
4464
7333
10042
13791
6114
9771
16586
5822
8433
14899
15820
301
1453
14297
15829
12478
12518
12841
14065
13888
9844
13473
14088
7405
11564
13879
16613
4661
10846
6125
7538
8390
12435
15159
15258
16973
7039
919
11067
12101
13125
10419
1229
2026
6771
10779
10782
2632
11034
15589
16414
16538
5658
16361
8902
6436
12341
5798
1768
10353
3547
4321
8454
12943
16398
16500
16659
16669
16729
16783
16905
16965
932
15116
14324
3855
4868
4878
10974
14952
6833
6686
12994
1207
3135
13897
3898
5700
7247
7320
8607
8616
5592
8646
15681
11544
11689
12150
12655
12884
3021
6775
10473
11043
11562
7227
9895
13361
8778
9132
13884
15142
15929
16009
6561
15480
15785
15310
16956
6158
12449
6588
6067
9349
12612
16421
5416
10762
14794
11293
14555
5116
6700
15906
16440
16587
16712
10665
13274
7580
6065
9510
11161
1762
8072
8375
2647
1268
13121
10810
8537
12897
15824
16902
16935
16936
16937
16938
16939
16940
16941
16942
16943
16374
5824
10829
9856
12046
10979
11636
6746
640
14577
14704
15119
14754
14879
14905
13000
7595
10047
8329
2286
2849
15982
2063
1881
11183
15383
14100
16624
16672
1288
4266
6990
8148
8592
9268
10309
4173
8930
9238
13317
10155
15999
7067
4268
12111
4515
8894
12886
12929
14487
5905
16578
16949
9407
11224
10941
10620
16048
14048
10680
7550
12465
14113
16282
15723
2656
10646
12161
2870
11276
6949
15805
7425
3443
7645
12668
2310
2425
2427
2431
3262
5308
16642
836
848
4665
540
7246
15405
4014
12786
12787
13026
2674
10373
15548
11006
12159
14511
2660
7249
12016
12454
11196
11623
15392
13914
13446
9423
16925
9209
10198
408
14111
12590
15215
2697
14058
8416
10389
10013
3505
8078
15231
12333
12906
13857
3147
13057
14156
12642
580
2627
5755
10403
2556
8783
4856
6732
9617
9851
10512
11289
11961
15369
16646
2696
6780
8657
10584
6077
13406
11736
366
6316
9697
10426
10725
10887
9876
10337
11053
7936
15132
5829
11170
2763
5967
6709
12157
6626
5327
6889
8254
8781
9467
10676
11860
13311
14024
14165
3977
4287
6490
13388
14190
15619
15000
7703
14873
5125
9832
15886
8223
11084
11302
11997
14857
8568
11110
15952
7475
2705
7032
13196
11303
15776
15888
16143
16592
11765
15597
13910
16128
6491
4750
6305
6551
12709
8605
10553
14804
1971
8430
8909
11111
13046
13282
14367
6851
10380
15552
4829
12301
7843
12309
7855
4399
5960
13256
15250
2702
4639
10412
10783
13080
14404
8252
10615
12126
12798
16862
11162
16958
1074
4752
574
10115
15846
9500
12405
13570
10544
13523
15910
8901
7946
4833
7307
12785
13798
5133
7461
6171
13990
15828
6389
12854
15439
16461
11134
16125
7219
12611
13581
10709
8334
7640
7502
10379
11909
12807
6980
5830
10840
12676
8414
16367
10167
6879
7939
4582
3599
1306
4149
4883
6926
3121
7093
5535
15112
16739
13071
952
14469
9408
5562
4599
5420
14563
11368
15214
16498
2328
2329
14992
8374
3344
10795
8003
11620
16107
11512
15393
13976
11974
13209
16338
4877
11001
10059
8060
15808
324
11823
12558
13935
9853
2318
11659
1139
9039
4860
16796
6566
15825
14199
6706
7508
12104
16184
3334
10448
14446
4715
3346
16032
5189
5648
11541
13352
10801
2858
2859
1265
5446
9698
14393
713
4927
9351
9789
11907
542
2981
3979
9946
10489
8539
5128
6569
11729
6702
12433
13913
15491
2320
730
15622
12017
9131
16824
2644
15339
10839
12874
14643
14677
14702
7145
13254
14463
532
9601
14224
15296
15448
15449
15450
15451
15452
15453
15454
15455
15456
15464
15465
15466
15467
15468
9819
7590
7864
5150
8494
9986
9690
10928
11830
2972
15556
15881
12644
13345
8383
9395
16713
5426
16159
11019
14774
3304
14482
2569
2694
4474
11935
16028
12059
15976
16046
14159
13594
9899
16181
5460
14883
13915
10145
10634
